As     0
S    3   1.00
      0.5407613800D+04       0.6260110038D-01
      0.8181743600D+03       0.3727790022D+00
      0.1792656900D+03       0.6851842041D+00
S    3   1.00
      0.2377782880D+03      -0.1128384290D+00
      0.5425662270D+02       0.8722743790D-01
      0.1632802910D+02       0.9681882750D+00
S    3   1.00
      0.1710185320D+02      -0.2914536779D+00
      0.5805144110D+01       0.2969618919D+00
      0.1902084190D+01       0.8865791037D+00
S    2   1.00
      0.1675403610D+01      -0.5057609655D+00
      0.3416557060D+00       0.1251764524D+01
S    1   1.00
      0.1136303120D+00       0.1000000000D+01
P    3   1.00
      0.2377782880D+03       0.1496797750D+00
      0.5425662270D+02       0.5623222652D+00
      0.1632802910D+02       0.4593234971D+00
P    3   1.00
      0.1710185320D+02       0.2568559179D-01
      0.5805144110D+01       0.4833968069D+00
      0.1902084190D+01       0.5887853959D+00
P    2   1.00
      0.1675403610D+01       0.2528246599D-01
      0.3416557060D+00       0.9874328358D+00
P    1   1.00
      0.1136303120D+00       0.1000000000D+01
D    3   1.00
      0.2743720900D+02       0.1544952053D+00
      0.7084044000D+01       0.5114318176D+00
      0.1855822600D+01       0.5821935201D+00
