Zr     0
S    3   1.00
      0.8084591900D+04       0.6157760047D-01
      0.1221667800D+04       0.3693989028D+00
      0.2676917300D+03       0.6887280052D+00
S    3   1.00
      0.3610211930D+03      -0.1119067180D+00
      0.7830494800D+02       0.8583992663D-01
      0.2484522920D+02       0.9675130223D+00
S    3   1.00
      0.2000627700D+02      -0.1544348624D+01
      0.1757414640D+02       0.1409596044D+01
      0.3742985070D+01       0.1009349253D+01
S    3   1.00
      0.3554788440D+01      -0.3793873088D+00
      0.1178992360D+01       0.4232847258D+00
      0.4446965590D+00       0.8140675616D+00
S    2   1.00
      0.5050488190D+00      -0.3295117829D+00
      0.6211612260D-01       0.1120709453D+01
S    1   1.00
      0.2557955310D-01       0.1000000000D+01
P    3   1.00
      0.3610211930D+03       0.1487616111D+00
      0.7830494800D+02       0.5965690004D+00
      0.2484522920D+02       0.4167848772D+00
P    3   1.00
      0.2000627700D+02      -0.7568479798D+00
      0.1757414640D+02       0.1112090061D+01
      0.3742985070D+01       0.7368023798D+00
P    3   1.00
      0.3554788440D+01       0.2599454819D-02
      0.1178992360D+01       0.4599758038D+00
      0.4446965590D+00       0.6058485068D+00
P    2   1.00
      0.5050488190D+00      -0.1248930019D-02
      0.6211612260D-01       0.1000384339D+01
P    1   1.00
      0.2557955310D-01       0.1000000000D+01
D    3   1.00
      0.5472323200D+02       0.1348239976D+00
      0.1477416400D+02       0.5005543911D+00
      0.4358961200D+01       0.5787822897D+00
D    2   1.00
      0.1862842400D+01       0.2850320290D+00
      0.6433135400D+00       0.7972073721D+00
D    1   1.00
      0.1993953800D+00       1.0000000
