Sb     0
S    3   1.00
      0.1328938300D+05       0.6098430000D-01
      0.2010521800D+04       0.3668487000D+00
      0.4416981500D+03       0.6910501000D+00
S    3   1.00
      0.5988890500D+03      -0.1127201340D+00
      0.1300386010D+03       0.8264432608D-01
      0.4213286020D+02       0.9702578608D+00
S    3   1.00
      0.5151332880D+02      -0.2770433377D+00
      0.2443594590D+02       0.5750323393D-01
      0.7420930800D+01       0.1084702829D+01
S    3   1.00
      0.7314235410D+01       0.4403811641D+00
      0.2844052860D+01      -0.4737340951D+00
      0.1105854670D+01      -0.8221349682D+00
S    2   1.00
      0.1278637290D+01       0.6016951047D+00
      0.2412320970D+00      -0.1258692017D+01
S    1   1.00
      0.8662967320D-01       0.1000000000D+01
P    3   1.00
      0.5988890500D+03       0.1530671170D+00
      0.1300386010D+03       0.6135972481D+00
      0.4213286020D+02       0.3916990150D+00
P    3   1.00
      0.5151332880D+02      -0.1378698580D+00
      0.2443594590D+02       0.5363549769D+00
      0.7420930800D+01       0.6508676379D+00
P    3   1.00
      0.7314235410D+01       0.1530518090D-01
      0.2844052860D+01       0.5160832191D+00
      0.1105854670D+01       0.5387570471D+00
P    2   1.00
      0.1278637290D+01      -0.2225275660D-01
      0.2412320970D+00      -0.9896433641D+00
P    1   1.00
      0.8662967320D-01       0.1000000000D+01
D    3   1.00
      0.1158095500D+03       0.1166279038D+00
      0.3230583500D+02       0.4834363158D+00
      0.1025032800D+02       0.5901395192D+00
D    3   1.00
      0.5486210200D+01       0.2483655969D+00
      0.1921619600D+01       0.5743153928D+00
      0.6660626500D+00       0.3643043954D+00
