Co     0
S    3   1.00
      0.3564762200D+04       0.6348660328D-01
      0.5393908500D+03       0.3758181194D+00
      0.1180448900D+03       0.6821217353D+00
S    3   1.00
      0.1554382480D+03      -0.1109867210D+00
      0.3381561360D+02       0.9676741612D-01
      0.1033323420D+02       0.9589921222D+00
S    3   1.00
      0.1038152410D+02      -0.2922621778D+00
      0.3382714340D+01       0.3432507278D+00
      0.1076953850D+01       0.8469634444D+00
S    2   1.00
      0.9090155490D+00      -0.2174599202D+00
      0.1050405600D+00       0.1084998461D+01
S    1   1.00
      0.3725657630D-01       0.1000000000D+01
P    3   1.00
      0.1554382480D+03       0.1420641590D+00
      0.3381561360D+02       0.5634438691D+00
      0.1033323420D+02       0.4630244281D+00
P    3   1.00
      0.1038152410D+02       0.2631326050D-01
      0.3382714340D+01       0.4769170349D+00
      0.1076953850D+01       0.5991542759D+00
P    2   1.00
      0.9090155490D+00       0.2284428400D-03
      0.1050405600D+00       0.9999337380D+00
P    1   1.00
      0.3725657630D-01       0.1000000000D+01
D    2   1.00
      0.1374069800D+02       0.2709549812D+00
      0.3408982900D+01       0.8473420555D+00
D    1   1.00
      0.8186409500D+00       1.0000000
