Ru     0
S    3   1.00
      0.9786161500D+04       0.6160520028D-01
      0.1481476800D+04       0.3689816016D+00
      0.3254122300D+03       0.6888451031D+00
S    3   1.00
      0.4398665150D+03      -0.1123912090D+00
      0.9576273480D+02       0.8469449409D-01
      0.3060565860D+02       0.9686379149D+00
S    3   1.00
      0.2727737250D+02      -0.1395552988D+01
      0.2451081690D+02       0.1210851848D+01
      0.5008945520D+01       0.1054045099D+01
S    3   1.00
      0.4765811660D+01      -0.4103626531D+00
      0.1734531270D+01       0.4480025071D+00
      0.6466354760D+00       0.8198082862D+00
S    2   1.00
      0.7406620240D+00      -0.2639655063D+00
      0.8217095980D-01       0.1094857035D+01
S    1   1.00
      0.3009659400D-01       0.1000000000D+01
P    3   1.00
      0.4398665150D+03       0.1503790650D+00
      0.9576273480D+02       0.6019294290D+00
      0.3060565860D+02       0.4084639320D+00
P    3   1.00
      0.2727737250D+02      -0.1668617781D+01
      0.2451081690D+02       0.2002798882D+01
      0.5008945520D+01       0.7251435116D+00
P    3   1.00
      0.4765811660D+01       0.1127417340D-01
      0.1734531270D+01       0.4727032429D+00
      0.6466354760D+00       0.5898430219D+00
P    2   1.00
      0.7406620240D+00      -0.7620441046D-03
      0.8217095980D-01       0.1000211909D+01
P    1   1.00
      0.3009659400D-01       0.1000000000D+01
D    3   1.00
      0.7398329900D+02       0.1277597962D+00
      0.2028148900D+02       0.4951473852D+00
      0.6194298100D+01       0.5806551827D+00
D    2   1.00
      0.2889107600D+01       0.3159938031D+00
      0.9539609900D+00       0.7780655611D+00
D    1   1.00
      0.2958807000D+00       1.0000000
