Fe     0
S    3   1.00
      0.3299183700D+04       0.6358589971D-01
      0.4990885600D+03       0.3762015983D+00
      0.1091613700D+03       0.6817844969D+00
S    3   1.00
      0.1434651730D+03      -0.1105517190D+00
      0.3116857540D+02       0.9684680919D-01
      0.9483612400D+01       0.9587974389D+00
S    3   1.00
      0.9464564900D+01      -0.2920555188D+00
      0.3100373440D+01       0.3375235918D+00
      0.9864930090D+00       0.8519416294D+00
S    2   1.00
      0.8534123410D+00      -0.2279441130D+00
      0.9881221800D-01       0.1088287380D+01
S    1   1.00
      0.3644213760D-01       0.1000000000D+01
P    3   1.00
      0.1434651730D+03       0.1411006120D+00
      0.3116857540D+02       0.5603873671D+00
      0.9483612400D+01       0.4676443540D+00
P    3   1.00
      0.9464564900D+01       0.2376201300D-01
      0.3100373440D+01       0.4689112821D+00
      0.9864930090D+00       0.6083112671D+00
P    2   1.00
      0.8534123410D+00      -0.4262652045D-03
      0.9881221800D-01       0.1000123759D+01
P    1   1.00
      0.3644213760D-01       0.1000000000D+01
D    2   1.00
      0.1235448930D+02       0.2686109881D+00
      0.3055605300D+01       0.8492716654D+00
D    1   1.00
      0.7385908900D+00       1.0000000
