Tc     0
S    3   1.00
      0.9329481900D+04       0.6171189806D-01
      0.1412505700D+04       0.3693369884D+00
      0.3102643400D+03       0.6884723783D+00
S    3   1.00
      0.4188175390D+03      -0.1124024540D+00
      0.9125078120D+02       0.8531816312D-01
      0.2911211720D+02       0.9681773902D+00
S    3   1.00
      0.2591064190D+02      -0.1380446280D+01
      0.2326769750D+02       0.1197899670D+01
      0.4707083150D+01       0.1052649060D+01
S    3   1.00
      0.4441137880D+01      -0.4041144308D+00
      0.1595639370D+01       0.4398378538D+00
      0.5955597810D+00       0.8219360036D+00
S    2   1.00
      0.6738811570D+00      -0.2700027944D+00
      0.7724070220D-01       0.1099150208D+01
S    1   1.00
      0.2869556450D-01       0.1000000000D+01
P    3   1.00
      0.4188175390D+03       0.1500718580D+00
      0.9125078120D+02       0.6000567119D+00
      0.2911211720D+02       0.4109855669D+00
P    3   1.00
      0.2591064190D+02      -0.1655271309D+01
      0.2326769750D+02       0.1986020459D+01
      0.4707083150D+01       0.7290338916D+00
P    3   1.00
      0.4441137880D+01       0.1229062020D-01
      0.1595639370D+01       0.4632067049D+00
      0.5955597810D+00       0.5983825809D+00
P    2   1.00
      0.6738811570D+00      -0.9197675761D-03
      0.7724070220D-01       0.1000264166D+01
P    1   1.00
      0.2869556450D-01       0.1000000000D+01
D    3   1.00
      0.6878374900D+02       0.1296930121D+00
      0.1880389500D+02       0.4966191463D+00
      0.5705228000D+01       0.5795466541D+00
D    2   1.00
      0.2599163900D+01       0.3092194710D+00
      0.8622757400D+00       0.7829056330D+00
D    1   1.00
      0.2706072700D+00       1.0000000
