Br     0
S    3   1.00
      0.6103289900D+04       0.6241750453D-01
      0.9236974300D+03       0.3720414270D+00
      0.2025203100D+03       0.6858728498D+00
S    3   1.00
      0.2706015060D+03      -0.1121486999D+00
      0.5825357430D+02       0.9314450925D-01
      0.1846932670D+02       0.9616793735D+00
S    3   1.00
      0.1976142580D+02      -0.2938703890D+00
      0.6821751780D+01       0.2802663020D+00
      0.2291628830D+01       0.9020357111D+00
S    2   1.00
      0.2131205580D+01      -0.6518030629D+00
      0.4993537140D+00       0.1336012176D+01
S    1   1.00
      0.1647636630D+00       0.1000000000D+01
P    3   1.00
      0.2706015060D+03       0.1477513840D+00
      0.5825357430D+02       0.6010556940D+00
      0.1846932670D+02       0.4128703850D+00
P    3   1.00
      0.1976142580D+02       0.2500708519D-01
      0.6821751780D+01       0.4866098019D+00
      0.2291628830D+01       0.5824233508D+00
P    2   1.00
      0.2131205580D+01       0.2870833401D-01
      0.4993537140D+00       0.9840695395D+00
P    1   1.00
      0.1647636630D+00       0.1000000000D+01
D    3   1.00
      0.3396509700D+02       0.1496665998D+00
      0.8900831200D+01       0.5117474993D+00
      0.2428436000D+01       0.5759147992D+00
