Pd     0
S    3   1.00
      0.1072874000D+05       0.6142950043D-01
      0.1624073900D+04       0.3683282026D+00
      0.3567937500D+03       0.6895025048D+00
S    3   1.00
      0.4824782940D+03      -0.1126789240D+00
      0.1050589550D+03       0.8461196572D-01
      0.3368145340D+02       0.9687867882D+00
S    3   1.00
      0.3018654250D+02      -0.1418546866D+01
      0.2716641580D+02       0.1229443675D+01
      0.5635933900D+01       0.1057082555D+01
S    3   1.00
      0.5475373890D+01      -0.4172610321D+00
      0.1997604330D+01       0.4705878121D+00
      0.7439301560D+00       0.8046363112D+00
S    2   1.00
      0.8901632350D+00      -0.2784323865D+00
      0.9282090020D-01       0.1093027738D+01
S    1   1.00
      0.3377393710D-01       0.1000000000D+01
P    3   1.00
      0.4824782940D+03       0.1510792641D+00
      0.1050589550D+03       0.6050916464D+00
      0.3368145340D+02       0.4039803793D+00
P    3   1.00
      0.3018654250D+02      -0.1709817152D+01
      0.2716641580D+02       0.2049307540D+01
      0.5635933900D+01       0.7186295705D+00
P    3   1.00
      0.5475373890D+01       0.1158391250D-01
      0.1997604330D+01       0.4974547529D+00
      0.7439301560D+00       0.5655272389D+00
P    2   1.00
      0.8901632350D+00      -0.1271580435D-02
      0.9282090020D-01       0.1000331866D+01
P    1   1.00
      0.3377393710D-01       0.1000000000D+01
D    3   1.00
      0.8423690600D+02       0.1256429007D+00
      0.2324918600D+02       0.4937201026D+00
      0.7196760400D+01       0.5803431030D+00
D    2   1.00
      0.3473076700D+01       0.3281542780D+00
      0.1148049700D+01       0.7680266919D+00
D    1   1.00
      0.3548105800D+00       1.0000000
