Cr     0
S    3   1.00
      0.2798294400D+04       0.6382379506D-01
      0.4231369600D+03       0.3770839708D+00
      0.9243886100D+02       0.6809888473D+00
S    3   1.00
      0.1202805620D+03      -0.1177790010D+00
      0.2603727080D+02       0.1014311230D+00
      0.7844172480D+01       0.9571981377D+00
S    3   1.00
      0.7793275650D+01      -0.2888567131D+00
      0.2497196130D+01       0.3351146841D+00
      0.8051418920D+00       0.8502480973D+00
S    2   1.00
      0.7039205640D+00      -0.2322507691D+00
      0.8616195330D-01       0.1093671325D+01
S    1   1.00
      0.3219881930D-01       0.1000000000D+01
P    3   1.00
      0.1202805620D+03       0.1398781830D+00
      0.2603727080D+02       0.5559834482D+00
      0.7844172480D+01       0.4748183482D+00
P    3   1.00
      0.7793275650D+01       0.2218470920D-01
      0.2497196130D+01       0.4616249951D+00
      0.8051418920D+00       0.6145386131D+00
P    2   1.00
      0.7039205640D+00       0.1799644840D-03
      0.8616195330D-01       0.9999447611D+00
P    1   1.00
      0.3219881930D-01       0.1000000000D+01
D    2   1.00
      0.9625338600D+01       0.2655959100D+00
      0.2362264300D+01       0.8521556801D+00
D    1   1.00
      0.5770944000D+00       1.0000000
