Cd     0
S    3   1.00
      0.1168608600D+05       0.6142649617D-01
      0.1770111400D+04       0.3681566770D+00
      0.3892089900D+03       0.6895721570D+00
S    3   1.00
      0.5276003770D+03      -0.1125924770D+00
      0.1148328770D+03       0.8326963198D-01
      0.3695829310D+02       0.9697978087D+00
S    3   1.00
      0.3301548210D+02      -0.1406471028D+01
      0.2954543010D+02       0.1218156268D+01
      0.6278507560D+01       0.1055520308D+01
S    3   1.00
      0.6150596330D+01      -0.4229209279D+00
      0.2259746070D+01       0.4987714469D+00
      0.8414261390D+00       0.7850754939D+00
S    2   1.00
      0.9490686450D+00      -0.2215546835D+00
      0.1014878430D+00       0.1080944447D+01
S    1   1.00
      0.3598726440D-01       0.1000000000D+01
P    3   1.00
      0.5276003770D+03       0.1518050990D+00
      0.1148328770D+03       0.6077597690D+00
      0.3695829310D+02       0.3999631560D+00
P    3   1.00
      0.3301548210D+02      -0.1609023667D+01
      0.2954543010D+02       0.1959567526D+01
      0.6278507560D+01       0.7080270607D+00
P    3   1.00
      0.6150596330D+01       0.1448229450D-01
      0.2259746070D+01       0.5186611159D+00
      0.8414261390D+00       0.5426657759D+00
P    2   1.00
      0.9490686450D+00      -0.1540265823D-02
      0.1014878430D+00       0.1000412196D+01
P    1   1.00
      0.3598726440D-01       0.1000000000D+01
D    3   1.00
      0.9547274300D+02       0.1230827990D+00
      0.2648195900D+02       0.4916767962D+00
      0.8282885800D+01       0.5815407955D+00
D    2   1.00
      0.4082141300D+01       0.3379409540D+00
      0.1357279200D+01       0.7591678870D+00
D    1   1.00
      0.4208307600D+00       1.0000000
