Sc     0
S    3   1.00
      0.2119887400D+04       0.6442079848D-01
      0.3204298600D+03       0.3791602911D+00
      0.6989892800D+02       0.6789628840D+00
S    3   1.00
      0.8976450310D+02      -0.1093837050D+00
      0.1938509550D+02       0.1050698720D+00
      0.5731423090D+01       0.9522045460D+00
S    3   1.00
      0.5491937640D+01      -0.2852107400D+00
      0.1743741510D+01       0.3241555420D+00
      0.5662273420D+00       0.8565920529D+00
S    2   1.00
      0.5168015080D+00      -0.2626779794D+00
      0.6721403840D-01       0.1108078977D+01
S    1   1.00
      0.2598451790D-01       0.1000000000D+01
P    3   1.00
      0.8976450310D+02       0.1363278069D+00
      0.1938509550D+02       0.5418597835D+00
      0.5731423090D+01       0.4950550715D+00
P    3   1.00
      0.5491937640D+01       0.1761355971D-01
      0.1743741510D+01       0.4336448242D+00
      0.5662273420D+00       0.6425506952D+00
P    2   1.00
      0.5168015080D+00       0.3270566751D-03
      0.6721403840D-01       0.9998935093D+00
P    1   1.00
      0.2598451790D-01       0.1000000000D+01
D    2   1.00
      0.5722214800D+01       0.2652364479D+00
      0.1360849500D+01       0.8558605398D+00
D    1   1.00
      0.3226516200D+00       1.0000000
