Y     0
S    3   1.00
      0.7646421000D+04       0.6189049853D-01
      0.1156862600D+04       0.3702067912D+00
      0.2537151800D+03       0.6877559836D+00
S    3   1.00
      0.3418539800D+03      -0.1119000560D+00
      0.7420986040D+02       0.8680523582D-01
      0.2351352040D+02       0.9667846673D+00
S    3   1.00
      0.1886260390D+02      -0.1477873303D+01
      0.1645405200D+02       0.1347258752D+01
      0.3484499530D+01       0.1006230782D+01
S    3   1.00
      0.3221732720D+01      -0.3699579711D+00
      0.1050704660D+01       0.4308638621D+00
      0.3925922690D+00       0.8020873682D+00
S    2   1.00
      0.4327637070D+00      -0.3464582050D+00
      0.5701219000D-01       0.1132776617D+01
S    1   1.00
      0.2375370010D-01       0.1000000000D+01
P    3   1.00
      0.3418539800D+03       0.1485716599D+00
      0.7420986040D+02       0.5943066506D+00
      0.2351352040D+02       0.4196039557D+00
P    3   1.00
      0.1886260390D+02      -0.7041406643D+00
      0.1645405200D+02       0.1057861620D+01
      0.3484499530D+01       0.7393821373D+00
P    3   1.00
      0.3221732720D+01       0.2494434829D-02
      0.1050704660D+01       0.4537622898D+00
      0.3925922690D+00       0.6130678517D+00
P    2   1.00
      0.4327637070D+00      -0.1336559069D-02
      0.5701219000D-01       0.1000439599D+01
P    1   1.00
      0.2375370010D-01       0.1000000000D+01
D    3   1.00
      0.5035375300D+02       0.1367955945D+00
      0.1353078000D+02       0.5019061798D+00
      0.3944996000D+01       0.5788597767D+00
D    2   1.00
      0.1530137400D+01       0.3384032639D+00
      0.6300673400D+00       0.7293289459D+00
D    1   1.00
      0.2165884300D+00       1.0000000
