V     0
S    3   1.00
      0.2563877200D+04       0.6394750087D-01
      0.3875340400D+03       0.3775940051D+00
      0.8459822900D+02       0.6805421093D+00
S    3   1.00
      0.1097938210D+03      -0.1098355310D+00
      0.2376921260D+02       0.1007070390D+00
      0.7122961440D+01       0.9556327203D+00
S    3   1.00
      0.6981204030D+01      -0.2884588118D+00
      0.2219839200D+01       0.3364356998D+00
      0.7198030150D+00       0.8481903234D+00
S    2   1.00
      0.6312619520D+00      -0.2364898790D+00
      0.8006166240D-01       0.1097720655D+01
S    1   1.00
      0.2886489170D-01       0.1000000000D+01
P    3   1.00
      0.1097938210D+03       0.1384209690D+00
      0.2376921260D+02       0.5504894170D+00
      0.7122961440D+01       0.4824165320D+00
P    3   1.00
      0.6981204030D+01       0.2182075430D-01
      0.2219839200D+01       0.4567615759D+00
      0.7198030150D+00       0.6186749609D+00
P    2   1.00
      0.6312619520D+00       0.1899535820D-03
      0.8006166240D-01       0.9999396449D+00
P    1   1.00
      0.2886489170D-01       0.1000000000D+01
D    2   1.00
      0.8342916900D+01       0.2640620000D+00
      0.2032944100D+01       0.8539664831D+00
D    1   1.00
      0.4957115400D+00       1.0000000
