Ge     0
S    3   1.00
      0.5073749900D+04       0.6272490086D-01
      0.7677241700D+03       0.3731671051D+00
      0.1681888100D+03       0.6847867093D+00
S    3   1.00
      0.2244360270D+03      -0.1115149850D+00
      0.4895542850D+02       0.9120021360D-01
      0.1518370510D+02       0.9634490850D+00
S    3   1.00
      0.1591257150D+02      -0.2895652279D+00
      0.5441436790D+01       0.2938828279D+00
      0.1742603230D+01       0.8891993228D+00
S    2   1.00
      0.1466538460D+01      -0.3967339034D+00
      0.2630933590D+00       0.1190669835D+01
S    1   1.00
      0.8482071760D-01       0.1000000000D+01
P    3   1.00
      0.2244360270D+03       0.1446395310D+00
      0.4895542850D+02       0.5753795618D+00
      0.1518370510D+02       0.4459948609D+00
P    3   1.00
      0.1591257150D+02       0.2297302161D-01
      0.5441436790D+01       0.4732446592D+00
      0.1742603230D+01       0.6032778983D+00
P    2   1.00
      0.1466538460D+01       0.2789293999D-01
      0.2630933590D+00       0.9874900937D+00
P    1   1.00
      0.8482071760D-01       0.1000000000D+01
D    3   1.00
      0.2432142100D+02       0.1577984994D+00
      0.6223813500D+01       0.5114921980D+00
      0.1588737500D+01       0.5857702977D+00
