Mn     0
S    3   1.00
      0.3041685900D+04       0.6374489896D-01
      0.4600900600D+03       0.3767489939D+00
      0.1005957700D+03       0.6812473889D+00
S    3   1.00
      0.1317673140D+03      -0.1102963670D+00
      0.2856915210D+02       0.9818963362D-01
      0.8660501060D+01       0.9576594692D+00
S    3   1.00
      0.8569080670D+01      -0.2917135460D+00
      0.2768178450D+01       0.3439630141D+00
      0.8872882100D+00       0.8451974601D+00
S    2   1.00
      0.7674426160D+00      -0.2300038851D+00
      0.9202526740D-01       0.1091450305D+01
S    1   1.00
      0.3326489750D-01       0.1000000000D+01
P    3   1.00
      0.1317673140D+03       0.1404540159D+00
      0.2856915210D+02       0.5578022288D+00
      0.8660501060D+01       0.4715006178D+00
P    3   1.00
      0.8569080670D+01       0.2422378882D-01
      0.2768178450D+01       0.4686597613D+00
      0.8872882100D+00       0.6074211264D+00
P    2   1.00
      0.7674426160D+00       0.3078885511D-03
      0.9202526740D-01       0.9999073623D+00
P    1   1.00
      0.3326489750D-01       0.1000000000D+01
D    2   1.00
      0.1106883900D+02       0.2652718099D+00
      0.2730706800D+01       0.8517944796D+00
D    1   1.00
      0.6685094800D+00       1.0000000
