Cu     0
S    3   1.00
      0.4134302200D+04       0.6318780134D-01
      0.6254912200D+03       0.3748448080D+00
      0.1369555600D+03       0.6831002145D+00
S    3   1.00
      0.1814960330D+03      -0.1113198390D+00
      0.3957431190D+02       0.9448678911D-01
      0.1216246380D+02       0.9608790191D+00
S    3   1.00
      0.1235111490D+02      -0.2922230629D+00
      0.4049651020D+01       0.3429908579D+00
      0.1279225380D+01       0.8479462667D+00
S    2   1.00
      0.1048299940D+01      -0.2054980895D+00
      0.1171180220D+00       0.1079158637D+01
S    1   1.00
      0.4054498690D-01       0.1000000000D+01
P    3   1.00
      0.1814960330D+03       0.1430844431D+00
      0.3957431190D+02       0.5677561013D+00
      0.1216246380D+02       0.4567141082D+00
P    3   1.00
      0.1235111490D+02       0.2772713539D-01
      0.4049651020D+01       0.4835244178D+00
      0.1279225380D+01       0.5929778748D+00
P    2   1.00
      0.1048299940D+01       0.1984900050D-03
      0.1171180220D+00       0.9999443279D+00
P    1   1.00
      0.4054498690D-01       0.1000000000D+01
D    2   1.00
      0.1675937600D+02       0.2741125481D+00
      0.4178976900D+01       0.8446244862D+00
D    1   1.00
      0.9943270400D+00       1.0000000
