Ag     0
S    3   1.00
      0.1119078400D+05       0.6149480212D-01
      0.1695077000D+04       0.3684053127D+00
      0.3726751700D+03       0.6893247237D+00
S    3   1.00
      0.5046162050D+03      -0.1126576630D+00
      0.1098718020D+03       0.8402784354D-01
      0.3529513400D+02       0.9692344314D+00
S    3   1.00
      0.3156877340D+02      -0.1422027546D+01
      0.2834397060D+02       0.1234098205D+01
      0.5945127400D+01       0.1055683174D+01
S    3   1.00
      0.5800255840D+01      -0.4196170528D+00
      0.2127256400D+01       0.4843500928D+00
      0.7935511690D+00       0.7952035146D+00
S    2   1.00
      0.9285444710D+00      -0.2523005089D+00
      0.9725466540D-01       0.1087391930D+01
S    1   1.00
      0.3493292380D-01       0.1000000000D+01
P    3   1.00
      0.5046162050D+03       0.1514798020D+00
      0.1098718020D+03       0.6065141580D+00
      0.3529513400D+02       0.4018302360D+00
P    3   1.00
      0.3156877340D+02      -0.1673365657D+01
      0.2834397060D+02       0.2018975646D+01
      0.5945127400D+01       0.7126888926D+00
P    3   1.00
      0.5800255840D+01       0.1430410320D-01
      0.2127256400D+01       0.5071942950D+00
      0.7935511690D+00       0.5539736311D+00
P    2   1.00
      0.9285444710D+00      -0.1480711434D-02
      0.9725466540D-01       0.1000388052D+01
P    1   1.00
      0.3493292380D-01       0.1000000000D+01
D    3   1.00
      0.8993334900D+02       0.1240158966D+00
      0.2487495800D+02       0.4923830864D+00
      0.7738191400D+01       0.5814967839D+00
D    2   1.00
      0.3796556700D+01       0.3314258950D+00
      0.1256644300D+01       0.7651634119D+00
D    1   1.00
      0.3881333100D+00       1.0000000
