Ar     0
S    3   1.00
      0.1553710000D+04       0.6417071258D-01
      0.2346780000D+03       0.3787970742D+00
      0.5101210000D+02       0.6797521332D+00
S    3   1.00
      0.7004530000D+02      -0.9746613989D-01
      0.1614730000D+02       0.3905691599D-01
      0.4534920000D+01       0.9999164093D+00
S    2   1.00
      0.1542090000D+01      -0.1768655685D+00
      0.6072670000D+00       0.1146897202D+01
S    1   1.00
      0.1953730000D+00       0.1000000000D+01
P    3   1.00
      0.7004530000D+02       0.1076190408D+00
      0.1614730000D+02       0.4595761744D+00
      0.4534920000D+01       0.6000412277D+00
P    2   1.00
      0.1542090000D+01       0.2556870130D+00
      0.6072670000D+00       0.7898420401D+00
P    1   1.00
      0.1953730000D+00       0.1000000000D+01
