Zn     0
S    3   1.00
      0.4432288500D+04       0.6309280449D-01
      0.6706601200D+03       0.3745038267D+00
      0.1469024500D+03       0.6834160486D+00
S    3   1.00
      0.1950041870D+03      -0.1116283369D+00
      0.4256889150D+02       0.9433552835D-01
      0.1312143450D+02       0.9611002465D+00
S    3   1.00
      0.1340230550D+02      -0.2917811139D+00
      0.4399906380D+01       0.3426145478D+00
      0.1385147570D+01       0.8482839836D+00
S    2   1.00
      0.1121558010D+01      -0.2023706257D+00
      0.1229436400D+00       0.1077034778D+01
S    1   1.00
      0.4219327240D-01       0.1000000000D+01
P    3   1.00
      0.1950041870D+03       0.1438054630D+00
      0.4256889150D+02       0.5700018768D+00
      0.1312143450D+02       0.4533118549D+00
P    3   1.00
      0.1340230550D+02       0.2870528232D-01
      0.4399906380D+01       0.4862514674D+00
      0.1385147570D+01       0.5902352525D+00
P    2   1.00
      0.1121558010D+01       0.3440940799D-03
      0.1229436400D+00       0.9999052838D+00
P    1   1.00
      0.4219327240D-01       0.1000000000D+01
D    2   1.00
      0.1836820200D+02       0.2753856309D+00
      0.4591304100D+01       0.8434772897D+00
D    1   1.00
      0.1090202600D+01       1.0000000
