Xe     0
S    3   1.00
      0.1490223600D+05       0.6099689663D-01
      0.2256538300D+04       0.3666289798D+00
      0.4963731700D+03       0.6911154619D+00
S    3   1.00
      0.6736610920D+03      -0.1129127500D+00
      0.1458490890D+03       0.8290529191D-01
      0.4757707550D+02       0.9700289051D+00
S    3   1.00
      0.5916752090D+02      -0.2739774065D+00
      0.2861159240D+02       0.4553005619D-01
      0.8596596290D+01       0.1092527552D+01
S    3   1.00
      0.8638676160D+01       0.4558408016D+00
      0.3462817980D+01      -0.4617354976D+00
      0.1401039790D+01      -0.8442883033D+00
S    2   1.00
      0.1578474100D+01       0.7277717934D+00
      0.3750814120D+00      -0.1362797075D+01
S    1   1.00
      0.1331789700D+00       0.1000000000D+01
P    3   1.00
      0.6736610920D+03       0.1544274850D+00
      0.1458490890D+03       0.6206173538D+00
      0.4757707550D+02       0.3820041019D+00
P    3   1.00
      0.5916752090D+02      -0.1518571811D+00
      0.2861159240D+02       0.5471506593D+00
      0.8596596290D+01       0.6519540313D+00
P    3   1.00
      0.8638676160D+01       0.9585055706D-02
      0.3462817980D+01       0.5298192868D+00
      0.1401039790D+01       0.5235984968D+00
P    2   1.00
      0.1578474100D+01      -0.2807244179D-01
      0.3750814120D+00      -0.9842642086D+00
P    1   1.00
      0.1331789700D+00       0.1000000000D+01
D    3   1.00
      0.1349133100D+03       0.1150104908D+00
      0.3795638700D+02       0.4815951616D+00
      0.1222747500D+02       0.5896132529D+00
D    3   1.00
      0.6600492800D+01       0.2718844011D+00
      0.2398051300D+01       0.5855569025D+00
      0.8864823900D+00       0.3127456013D+00
