Mo     0
S    3   1.00
      0.8899491100D+04       0.6170640004D-01
      0.1346763700D+04       0.3694536002D+00
      0.2956351900D+03       0.6884343004D+00
S    3   1.00
      0.3993138770D+03      -0.1121440250D+00
      0.8659355800D+02       0.8601148352D-01
      0.2763903930D+02       0.9674334852D+00
S    3   1.00
      0.2250291540D+02      -0.1422306435D+01
      0.1949170890D+02       0.1284184615D+01
      0.4278180270D+01       0.1010866226D+01
S    3   1.00
      0.4163020710D+01      -0.3964232509D+00
      0.1435305440D+01       0.4370791899D+00
      0.5437821140D+00       0.8148461598D+00
S    2   1.00
      0.6318014250D+00      -0.3033617372D+00
      0.7325791380D-01       0.1108413491D+01
S    1   1.00
      0.2802514570D-01       0.1000000000D+01
P    3   1.00
      0.3993138770D+03       0.1500665160D+00
      0.8659355800D+02       0.6007695369D+00
      0.2763903930D+02       0.4103864710D+00
P    3   1.00
      0.2250291540D+02      -0.6680660696D+00
      0.1949170890D+02       0.1030345622D+01
      0.4278180270D+01       0.7283479918D+00
P    3   1.00
      0.4163020710D+01       0.2962629458D-02
      0.1435305440D+01       0.4791471367D+00
      0.5437821140D+00       0.5864869047D+00
P    2   1.00
      0.6318014250D+00      -0.1079133201D-02
      0.7325791380D-01       0.1000313431D+01
P    1   1.00
      0.2802514570D-01       0.1000000000D+01
D    3   1.00
      0.6378044700D+02       0.1317387929D+00
      0.1737357600D+02       0.4985315731D+00
      0.5230783900D+01       0.5781774688D+00
D    2   1.00
      0.2270936700D+01       0.3112644110D+00
      0.7546529900D+00       0.7810341741D+00
D    1   1.00
      0.2351422000D+00       1.0000000
