K     0
S    3   1.00
      0.1721175500D+04       0.6487469617D-01
      0.2600163300D+03       0.3808592775D+00
      0.5662455400D+02       0.6773680600D+00
S    3   1.00
      0.7155720000D+02      -0.1093428919D+00
      0.1543894240D+02       0.1130640319D+00
      0.4474551050D+01       0.9462575025D+00
S    3   1.00
      0.4121275290D+01      -0.2699729532D+00
      0.1188620640D+01       0.3646322562D+00
      0.3756738350D+00       0.8107532645D+00
S    2   1.00
      0.2445765580D+00      -0.2688250168D+00
      0.3897174940D-01       0.1128982555D+01
S    1   1.00
      0.1606254630D-01       0.1000000000D+01
P    3   1.00
      0.7155720000D+02       0.1339654251D+00
      0.1543894240D+02       0.5302672723D+00
      0.4474551050D+01       0.5117991842D+00
P    3   1.00
      0.4121275290D+01       0.1994922290D-01
      0.1188620640D+01       0.4340213019D+00
      0.3756738350D+00       0.6453225709D+00
P    2   1.00
      0.2445765580D+00       0.3081035470D-03
      0.3897174940D-01       0.9998787160D+00
P    1   1.00
      0.1606254630D-01       0.1000000000D+01
