I     0
S    3   1.00
      0.1435118600D+05       0.6100280121D-01
      0.2173074100D+04       0.3666398073D+00
      0.4778720500D+03       0.6911306137D+00
S    3   1.00
      0.6481886590D+03      -0.1128506660D+00
      0.1403064480D+03       0.8322833753D-01
      0.4569880120D+02       0.9697515913D+00
S    3   1.00
      0.5669468950D+02      -0.2736964882D+00
      0.2748875260D+02       0.4649967921D-01
      0.8209095830D+01       0.1091576055D+01
S    3   1.00
      0.8191678650D+01       0.4508277048D+00
      0.3244595590D+01      -0.4632093728D+00
      0.1300489090D+01      -0.8386360157D+00
S    2   1.00
      0.1451380120D+01       0.6658514628D+00
      0.3281033130D+00      -0.1328583874D+01
S    1   1.00
      0.1150758940D+00       0.1000000000D+01
P    3   1.00
      0.6481886590D+03       0.1541144881D+00
      0.1403064480D+03       0.6194617634D+00
      0.4569880120D+02       0.3837583163D+00
P    3   1.00
      0.5669468950D+02      -0.1523216720D+00
      0.2748875260D+02       0.5437685671D+00
      0.8209095830D+01       0.6561678541D+00
P    3   1.00
      0.8191678650D+01       0.1186987900D-01
      0.3244595590D+01       0.5265245819D+00
      0.1300489090D+01       0.5266076079D+00
P    2   1.00
      0.1451380120D+01      -0.2754130961D-01
      0.3281033130D+00      -0.9851368322D+00
P    1   1.00
      0.1150758940D+00       0.1000000000D+01
D    3   1.00
      0.1280902600D+03       0.1158636044D+00
      0.3598237800D+02       0.4820494181D+00
      0.1155111600D+02       0.5894448221D+00
D    3   1.00
      0.6146152300D+01       0.2681817060D+00
      0.2220937000D+01       0.5800614130D+00
      0.8099120200D+00       0.3262263073D+00
