Si     0
S    3   1.00
      0.9106550000D+03       0.6608223959D-01
      0.1373360000D+03       0.3862286469D+00
      0.2976010000D+02       0.6723793854D+00
S    3   1.00
      0.3667160000D+02      -0.1045110359D+00
      0.8317290000D+01       0.1074100369D+00
      0.2216450000D+01       0.9514463269D+00
S    2   1.00
      0.1079130000D+01      -0.3761078795D+00
      0.3024220000D+00       0.1251649599D+01
S    1   1.00
      0.9333920000D-01       0.1000000000D+01
P    3   1.00
      0.3667160000D+02       0.1133550147D+00
      0.8317290000D+01       0.4575780593D+00
      0.2216450000D+01       0.6074270787D+00
P    2   1.00
      0.1079130000D+01       0.6710299112D-01
      0.3024220000D+00       0.9568828734D+00
P    1   1.00
      0.9333920000D-01       0.1000000000D+01
