In     0
S    3   1.00
      0.1221454700D+05       0.6124759985D-01
      0.1848913600D+04       0.3676753991D+00
      0.4063683300D+03       0.6901358983D+00
S    3   1.00
      0.5504422550D+03      -0.1127094329D+00
      0.1197743540D+03       0.8344349526D-01
      0.3866926950D+02       0.9696880355D+00
S    3   1.00
      0.4702931320D+02      -0.2758954238D+00
      0.2249642350D+02       0.5977348125D-01
      0.6697116970D+01       0.1082147535D+01
S    3   1.00
      0.6572360380D+01       0.4284830560D+00
      0.2502157560D+01      -0.4633643610D+00
      0.9420245940D+00      -0.8219679320D+00
S    2   1.00
      0.1001221380D+01      -0.4364171931D+00
      0.1659704190D+00       0.1189893475D+01
S    1   1.00
      0.5433974090D-01       0.1000000000D+01
P    3   1.00
      0.5504422550D+03       0.1523702989D+00
      0.1197743540D+03       0.6096507527D+00
      0.3866926950D+02       0.3970249498D+00
P    3   1.00
      0.4702931320D+02      -0.1408484750D+00
      0.2249642350D+02       0.5290866941D+00
      0.6697116970D+01       0.6620681111D+00
P    3   1.00
      0.6572360380D+01       0.1091304620D-01
      0.2502157560D+01       0.5036758868D+00
      0.9420245940D+00       0.5581808648D+00
P    2   1.00
      0.1001221380D+01      -0.2316333509D-01
      0.1659704190D+00      -0.9903308877D+00
P    1   1.00
      0.5433974090D-01       0.1000000000D+01
D    3   1.00
      0.1021735600D+03       0.1205558956D+00
      0.2839463200D+02       0.4884975820D+00
      0.8924804500D+01       0.5850189785D+00
D    3   1.00
      0.4535363700D+01       0.2508574068D+00
      0.1537148100D+01       0.5693113154D+00
      0.4994922600D+00       0.3840635104D+00
