Ti     0
S    3   1.00
      0.2335019800D+04       0.6421660118D-01
      0.3530441500D+03       0.3784120069D+00
      0.7705845200D+02       0.6796813125D+00
S    3   1.00
      0.9957387050D+02      -0.1094719070D+00
      0.2154670630D+02       0.1019426710D+00
      0.6413965470D+01       0.9546223767D+00
S    3   1.00
      0.6238279440D+01      -0.2861371630D+00
      0.1996107510D+01       0.3218277600D+00
      0.6464898720D+00       0.8595510999D+00
S    2   1.00
      0.5732848810D+00      -0.2424499988D+00
      0.7311942300D-01       0.1100074629D+01
S    1   1.00
      0.2653793780D-01       0.1000000000D+01
P    3   1.00
      0.9957387050D+02       0.1372966030D+00
      0.2154670630D+02       0.5458753479D+00
      0.6413965470D+01       0.4890680879D+00
P    3   1.00
      0.6238279440D+01       0.1923665080D-01
      0.1996107510D+01       0.4404421590D+00
      0.6464898720D+00       0.6356195070D+00
P    2   1.00
      0.5732848810D+00       0.2920157911D-03
      0.7311942300D-01       0.9999066954D+00
P    1   1.00
      0.2653793780D-01       0.1000000000D+01
D    2   1.00
      0.7083666100D+01       0.2629209951D+00
      0.1709634100D+01       0.8557720832D+00
D    1   1.00
      0.4141224800D+00       1.0000000
