Kr     0
S    3   1.00
      0.6446630700D+04       0.6253980013D-01
      0.9768757000D+03       0.3721075008D+00
      0.2144795500D+03       0.6856107014D+00
S    3   1.00
      0.2876446250D+03      -0.1120607140D+00
      0.6262008730D+02       0.9013913269D-01
      0.1969174380D+02       0.9643301108D+00
S    3   1.00
      0.2112321280D+02      -0.2958173240D+00
      0.7303285520D+01       0.2792166830D+00
      0.2488849890D+01       0.9037303051D+00
S    2   1.00
      0.2361373760D+01      -0.7202454254D+00
      0.5860160490D+00       0.1376846015D+01
S    1   1.00
      0.1944473480D+00       0.1000000000D+01
P    3   1.00
      0.2876446250D+03       0.1475279021D+00
      0.6262008730D+02       0.5868918503D+00
      0.1969174380D+02       0.4295067732D+00
P    3   1.00
      0.2112321280D+02       0.2606954870D-01
      0.7303285520D+01       0.4922497550D+00
      0.2488849890D+01       0.5742737490D+00
P    2   1.00
      0.2361373760D+01       0.2877517760D-01
      0.5860160490D+00       0.9833390701D+00
P    1   1.00
      0.1944473480D+00       0.1000000000D+01
D    3   1.00
      0.3736810300D+02       0.1479466054D+00
      0.9854313100D+01       0.5121719185D+00
      0.2732795500D+01       0.5729498207D+00
