Rh     0
S    3   1.00
      0.1021771400D+05       0.6173240004D-01
      0.1548411600D+04       0.3691533002D+00
      0.3404990300D+03       0.6885138004D+00
S    3   1.00
      0.4607592610D+03      -0.1124461021D+00
      0.1003289400D+03       0.8438112985D-01
      0.3213971350D+02       0.9689016196D+00
S    3   1.00
      0.2879328560D+02      -0.1404090896D+01
      0.2591768470D+02       0.1216168826D+01
      0.5320640440D+01       0.1056555307D+01
S    3   1.00
      0.5109748290D+01      -0.4126468676D+00
      0.1875414330D+01       0.4518853325D+00
      0.6995577880D+00       0.8188988952D+00
S    2   1.00
      0.8005710940D+00      -0.2553480035D+00
      0.8732134050D-01       0.1091308112D+01
S    1   1.00
      0.3140693350D-01       0.1000000000D+01
P    3   1.00
      0.4607592610D+03       0.1508582420D+00
      0.1003289400D+03       0.6035138860D+00
      0.3213971350D+02       0.4060249090D+00
P    3   1.00
      0.2879328560D+02      -0.1712218278D+01
      0.2591768470D+02       0.2047603377D+01
      0.5320640440D+01       0.7229831249D+00
P    3   1.00
      0.5109748290D+01       0.9374063923D-02
      0.1875414330D+01       0.4815543736D+00
      0.6995577880D+00       0.5822312356D+00
P    2   1.00
      0.8005710940D+00      -0.7759711433D-03
      0.8732134050D-01       0.1000212129D+01
P    1   1.00
      0.3140693350D-01       0.1000000000D+01
D    3   1.00
      0.7925597300D+02       0.1261896071D+00
      0.2178945400D+02       0.4939541278D+00
      0.6697518100D+01       0.5813296328D+00
D    2   1.00
      0.3190908300D+01       0.3210399278D+00
      0.1054575200D+01       0.7738518424D+00
D    1   1.00
      0.3260790600D+00       1.0000000
