Rb     0
S    3   1.00
      0.6816722500D+04       0.6249620050D-01
      0.1033000700D+04       0.3719500029D+00
      0.2269086100D+03       0.6857293054D+00
S    3   1.00
      0.3041283190D+03      -0.1123296170D+00
      0.6626058030D+02       0.9075080238D-01
      0.2091944730D+02       0.9639409908D+00
S    3   1.00
      0.2246532550D+02      -0.3004849970D+00
      0.7877468360D+01       0.2783565750D+00
      0.2705271250D+01       0.9076098970D+00
S    3   1.00
      0.2692115730D+01      -0.3311623420D+00
      0.7230562880D+00       0.5096991340D+00
      0.2598382590D+00       0.6982461430D+00
S    2   1.00
      0.1897140210D+00      -0.2711927264D+00
      0.3399725700D-01       0.1141549502D+01
S    1   1.00
      0.1471231270D-01       0.1000000000D+01
P    3   1.00
      0.3041283190D+03       0.1484408888D+00
      0.6626058030D+02       0.5891247423D+00
      0.2091944730D+02       0.4258251255D+00
P    3   1.00
      0.2246532550D+02       0.2445409561D-01
      0.7877468360D+01       0.4944538491D+00
      0.2705271250D+01       0.5718567161D+00
P    3   1.00
      0.2692115730D+01       0.1190050559D-01
      0.7230562880D+00       0.4951731447D+00
      0.2598382590D+00       0.5737244147D+00
P    2   1.00
      0.1897140210D+00       0.3081009049D-03
      0.3399725700D-01       0.9998653826D+00
P    1   1.00
      0.1471231270D-01       0.1000000000D+01
D    3   1.00
      0.4086603100D+02       0.1466037007D+00
      0.1084088500D+02       0.5127252025D+00
      0.3050834100D+01       0.5699804027D+00
