Sr     0
S    3   1.00
      0.7215473500D+04       0.6228180400D-01
      0.1092851900D+04       0.3713101238D+00
      0.2399818200D+03       0.6864439441D+00
S    3   1.00
      0.3221245830D+03      -0.1122353181D+00
      0.7009045940D+02       0.8954359874D-01
      0.2217640630D+02       0.9648134634D+00
S    3   1.00
      0.2392763060D+02      -0.3024718119D+00
      0.8475113790D+01       0.2700840889D+00
      0.2942934140D+01       0.9159199867D+00
S    3   1.00
      0.2940966360D+01      -0.3519845979D+00
      0.8523558630D+00       0.4972545548D+00
      0.3215374960D+00       0.7238597817D+00
S    2   1.00
      0.3480419380D+00      -0.2851468337D+00
      0.4817714650D-01       0.1120939249D+01
S    1   1.00
      0.2180335040D-01       0.1000000000D+01
P    3   1.00
      0.3221245830D+03       0.1488368389D+00
      0.7009045940D+02       0.5919465646D+00
      0.2217640630D+02       0.4221715147D+00
P    3   1.00
      0.2392763060D+02       0.2483697501D-01
      0.8475113790D+01       0.4934775082D+00
      0.2942934140D+01       0.5709829252D+00
P    3   1.00
      0.2940966360D+01       0.9723335540D-02
      0.8523558630D+00       0.4983219640D+00
      0.3215374960D+00       0.5650561210D+00
P    2   1.00
      0.3480419380D+00       0.3081096440D-03
      0.4817714650D-01       0.9998935359D+00
P    1   1.00
      0.2180335040D-01       0.1000000000D+01
D    3   1.00
      0.4456611500D+02       0.1451270982D+00
      0.1188148900D+02       0.5130676936D+00
      0.3387557900D+01       0.5676639929D+00
