Ni     0
S    3   1.00
      0.3848005100D+04       0.6326609847D-01
      0.5820306900D+03       0.3751709909D+00
      0.1273674400D+03       0.6828237835D+00
S    3   1.00
      0.1682895830D+03      -0.1111150760D+00
      0.3665633040D+02       0.9532380108D-01
      0.1123212360D+02       0.9601612858D+00
S    3   1.00
      0.1135877310D+02      -0.2920603921D+00
      0.3738846220D+01       0.3375407231D+00
      0.1182462700D+01       0.8525329813D+00
S    2   1.00
      0.9889038410D+00      -0.2136872217D+00
      0.1110249640D+00       0.1081932884D+01
S    1   1.00
      0.3925822490D-01       0.1000000000D+01
P    3   1.00
      0.1682895830D+03       0.1424904900D+00
      0.3665633040D+02       0.5655469960D+00
      0.1123212360D+02       0.4599925870D+00
P    3   1.00
      0.1135877310D+02       0.2613762460D-01
      0.3738846220D+01       0.4765979969D+00
      0.1182462700D+01       0.6003798419D+00
P    2   1.00
      0.9889038410D+00       0.2943514090D-03
      0.1110249640D+00       0.9999170232D+00
P    1   1.00
      0.3925822490D-01       0.1000000000D+01
D    2   1.00
      0.1522069400D+02       0.2726059660D+00
      0.3786020100D+01       0.8459279070D+00
D    1   1.00
      0.9045573900D+00       1.0000000
