Cs     0
S    3   1.00
  15525.8660000              0.0607240
   2349.0055000              0.3658420
    516.2355500              0.6920470
S    3   1.00
    687.5050500             -0.1102130
     67.1911570              0.7272030
     27.9920030              0.3401430
S    3   1.00
     60.1681880             -0.2753150
     10.8686940              0.8901280
      4.7407050              0.2648630
S    3   1.00
      9.8871630             -0.3688270
      2.3693430              0.8325820
      1.1416760              0.3887890
S    3   1.00
      1.7690780             -0.3409420
      0.3836200              0.7000970
      0.1713060              0.4934520
S    2   1.00
      0.2118490             -0.2750220
      0.0403240              0.1936040
S    1   1.00
      0.0170580              1.0000000
P    3   1.00
   1024.2833000              0.0791850
    239.6488900              0.4199330
     71.2555480              0.6432510
P    3   1.00
    139.4586400             -0.0331230
     25.8108100              0.3891080
     10.1394520              0.6790330
P    3   1.00
      4.3242440              0.3816690
      1.9364150              0.5769760
      0.8145050              0.1154050
P    1   1.00
      0.5945840              1.0000000
P    1   1.00
      0.2749920              1.0000000
P    1   1.00
      0.1115530              1.0000000
D    3   1.00
    144.0513900              0.1118300
     40.5051460              0.4768350
     13.0862440              0.5954170
D    3   1.00
      7.3715780              0.2537250
      2.7248240              0.5788860
      1.0266780              0.3325980
