Te     0
S    3   1.00
      0.1379656000D+05       0.6108620183D-01
      0.2088879800D+04       0.3669629110D+00
      0.4593931900D+03       0.6907944207D+00
S    3   1.00
      0.6232631250D+03      -0.1128200240D+00
      0.1353600050D+03       0.8225243100D-01
      0.4400048430D+02       0.9706007190D+00
S    3   1.00
      0.5419078330D+02      -0.2744120347D+00
      0.2582039000D+02       0.5182968462D-01
      0.7809583200D+01       0.1087621523D+01
S    3   1.00
      0.7764216830D+01       0.4467305520D+00
      0.3043931600D+01      -0.4694704190D+00
      0.1199252880D+01      -0.8298104900D+00
S    2   1.00
      0.1340363800D+01       0.5904699297D+00
      0.2780883850D+00      -0.1281968387D+01
S    1   1.00
      0.9672607420D-01       0.1000000000D+01
P    3   1.00
      0.6232631250D+03       0.1534194779D+00
      0.1353600050D+03       0.6148996146D+00
      0.4400048430D+02       0.3895162447D+00
P    3   1.00
      0.5419078330D+02      -0.1433312141D+00
      0.2582039000D+02       0.5391881202D+00
      0.7809583200D+01       0.6522850782D+00
P    3   1.00
      0.7764216830D+01       0.1274619601D-01
      0.3043931600D+01       0.5221231254D+00
      0.1199252880D+01       0.5326613984D+00
P    2   1.00
      0.1340363800D+01      -0.2558833989D-01
      0.2780883850D+00      -0.9871016265D+00
P    1   1.00
      0.9672607420D-01       0.1000000000D+01
D    3   1.00
      0.1214083000D+03       0.1169135914D+00
      0.3401521700D+02       0.4835554645D+00
      0.1086913800D+02       0.5883863568D+00
D    3   1.00
      0.5803111300D+01       0.2601938950D+00
      0.2058065800D+01       0.5797757888D+00
      0.7328302100D+00       0.3405579934D+00
