Ga     0
S    3   1.00
      0.4751897900D+04       0.6283960439D-01
      0.7189205400D+03       0.3736112261D+00
      0.1574459200D+03       0.6843626478D+00
S    3   1.00
      0.2095834380D+03      -0.1115161570D+00
      0.4569171330D+02       0.9269636382D-01
      0.1413296880D+02       0.9622870572D+00
S    3   1.00
      0.1459953900D+02       0.2910292410D+00
      0.4860842130D+01      -0.3231875870D+00
      0.1549110700D+01      -0.8643910510D+00
S    2   1.00
      0.1267942770D+01      -0.2851306292D+00
      0.1883995380D+00       0.1128022057D+01
S    1   1.00
      0.5723675570D-01       0.1000000000D+01
P    3   1.00
      0.2095834380D+03       0.1442658399D+00
      0.4569171330D+02       0.5731775198D+00
      0.1413296880D+02       0.4490857768D+00
P    3   1.00
      0.1459953900D+02       0.2656185960D-01
      0.4860842130D+01       0.4833136630D+00
      0.1549110700D+01       0.5924303820D+00
P    2   1.00
      0.1267942770D+01       0.3018346401D-01
      0.1883995380D+00       0.9884658284D+00
P    1   1.00
      0.5723675570D-01       0.1000000000D+01
D    3   1.00
      0.2129253000D+02       0.1619895026D+00
      0.5393166200D+01       0.5116739083D+00
      0.1333882800D+01       0.5898732096D+00
