Sn     0
S    3   1.00
      0.1274167400D+05       0.6113529959D-01
      0.1928469200D+04       0.3672928976D+00
      0.4238079700D+03       0.6905446954D+00
S    3   1.00
      0.5742875030D+03      -0.1127462410D+00
      0.1249536520D+03       0.8286347307D-01
      0.4039575890D+02       0.9701504517D+00
S    3   1.00
      0.4880661910D+02      -0.2824533571D+00
      0.2383588110D+02       0.6605594709D-01
      0.7048295500D+01       0.1081987257D+01
S    3   1.00
      0.6973377530D+01       0.4340355839D+00
      0.2693039570D+01      -0.4610285879D+00
      0.1025957600D+01      -0.8285579378D+00
S    2   1.00
      0.1131462610D+01       0.5252084707D+00
      0.2034091770D+00      -0.1229226474D+01
S    1   1.00
      0.7056383040D-01       0.1000000000D+01
P    3   1.00
      0.5742875030D+03       0.1525797960D+00
      0.1249536520D+03       0.6110105889D+00
      0.4039575890D+02       0.3951548539D+00
P    3   1.00
      0.4880661910D+02      -0.1509627539D+00
      0.2383588110D+02       0.5399677287D+00
      0.7048295500D+01       0.6604823107D+00
P    3   1.00
      0.6973377530D+01       0.1195129860D-01
      0.2693039570D+01       0.5067194520D+00
      0.1025957600D+01       0.5529105830D+00
P    2   1.00
      0.1131462610D+01      -0.2107052591D-01
      0.2034091770D+00      -0.9905913714D+00
P    1   1.00
      0.7056383040D-01       0.1000000000D+01
D    3   1.00
      0.1080563000D+03       0.1198237020D+00
      0.3013157600D+02       0.4875910081D+00
      0.9530035900D+01       0.5849874098D+00
D    3   1.00
      0.4962609800D+01       0.2529487035D+00
      0.1712082900D+01       0.5727612080D+00
      0.5771945100D+00       0.3690387051D+00
