Se     0
S    3   1.00
      0.5751321500D+04       0.6249340240D-01
      0.8702572100D+03       0.3723683143D+00
      0.1907294900D+03       0.6855799263D+00
S    3   1.00
      0.2550163960D+03      -0.1119076329D+00
      0.5557653980D+02       0.9099935806D-01
      0.1735661220D+02       0.9636681735D+00
S    3   1.00
      0.1844567560D+02      -0.2917925089D+00
      0.6328758670D+01       0.2846211839D+00
      0.2096757630D+01       0.8973051926D+00
S    2   1.00
      0.1872633330D+01      -0.5677638749D+00
      0.4174736440D+00       0.1294126620D+01
S    1   1.00
      0.1370906930D+00       0.1000000000D+01
P    3   1.00
      0.2550163960D+03       0.1461488110D+00
      0.5557653980D+02       0.5813713921D+00
      0.1735661220D+02       0.4374597450D+00
P    3   1.00
      0.1844567560D+02       0.2442140969D-01
      0.6328758670D+01       0.4833648278D+00
      0.2096757630D+01       0.5879038048D+00
P    2   1.00
      0.1872633330D+01       0.2825548500D-01
      0.4174736440D+00       0.9849059642D+00
P    1   1.00
      0.1370906930D+00       0.1000000000D+01
D    3   1.00
      0.3062746400D+02       0.1519857962D+00
      0.7971276400D+01       0.5116402873D+00
      0.2134809700D+01       0.5786935856D+00
