Nb     0
S    3   1.00
      0.8466517300D+04       0.6180380361D-01
      0.1281261100D+04       0.3698049216D+00
      0.2812310800D+03       0.6880795402D+00
S    3   1.00
      0.3794728780D+03      -0.1121062840D+00
      0.8233588790D+02       0.8650278521D-01
      0.2622247550D+02       0.9670573781D+00
S    3   1.00
      0.2116294500D+02      -0.1555130539D+01
      0.1858978260D+02       0.1417938759D+01
      0.4009981040D+01       0.1010619909D+01
S    3   1.00
      0.3836375100D+01      -0.3891037463D+00
      0.1303325200D+01       0.4349695854D+00
      0.4934306400D+00       0.8115898937D+00
S    2   1.00
      0.5723734170D+00      -0.3156093568D+00
      0.6820320050D-01       0.1114047019D+01
S    1   1.00
      0.2715715000D-01       0.1000000000D+01
P    3   1.00
      0.3794728780D+03       0.1496673749D+00
      0.8233588790D+02       0.5987182126D+00
      0.2622247550D+02       0.4132381987D+00
P    3   1.00
      0.2116294500D+02      -0.7554622431D+00
      0.1858978260D+02       0.1113966263D+01
      0.4009981040D+01       0.7327671540D+00
P    3   1.00
      0.3836375100D+01       0.3290346942D-02
      0.1303325200D+01       0.4716450753D+00
      0.4934306400D+00       0.5936990064D+00
P    2   1.00
      0.5723734170D+00      -0.1133017876D-02
      0.6820320050D-01       0.1000338056D+01
P    1   1.00
      0.2715715000D-01       0.1000000000D+01
D    3   1.00
      0.5901218700D+02       0.1337104078D+00
      0.1601279000D+02       0.5000390291D+00
      0.4777184600D+01       0.5775384336D+00
D    2   1.00
      0.1970443400D+01       0.3106808999D+00
      0.6619346900D+00       0.7800691408D+00
D    1   1.00
      0.2059971900D+00       1.0000000
