Cl     0
S    3   1.00
      0.1376400000D+04       0.6458270228D-01
      0.2078570000D+03       0.3803630134D+00
      0.4515540000D+02       0.6781900239D+00
S    3   1.00
      0.6080140000D+02      -0.9876395275D-01
      0.1397650000D+02       0.5113382731D-01
      0.3887100000D+01       0.9913375295D+00
S    2   1.00
      0.1352990000D+01      -0.2224014841D+00
      0.5269550000D+00       0.1182522574D+01
S    1   1.00
      0.1667140000D+00       0.1000000000D+01
P    3   1.00
      0.6080140000D+02       0.1085980585D+00
      0.1397650000D+02       0.4586822471D+00
      0.3887100000D+01       0.6019623243D+00
P    2   1.00
      0.1352990000D+01       0.2192157972D+00
      0.5269550000D+00       0.8223202393D+00
P    1   1.00
      0.1667140000D+00       0.1000000000D+01
