Ca     0
S    3   1.00
      0.1915434800D+04       0.6462369791D-01
      0.2895332400D+03       0.3798375877D+00
      0.6310635200D+02       0.6783293781D+00
S    3   1.00
      0.8039744200D+02      -0.1093027800D+00
      0.1733075030D+02       0.1088995760D+00
      0.5083623800D+01       0.9492767537D+00
S    3   1.00
      0.4782229420D+01      -0.2816073771D+00
      0.1462557920D+01       0.3410510241D+00
      0.4792229560D+00       0.8381044043D+00
S    2   1.00
      0.4396824240D+00      -0.2697048570D+00
      0.5913040160D-01       0.1113292710D+01
S    1   1.00
      0.2389701170D-01       0.1000000000D+01
P    3   1.00
      0.8039744200D+02       0.1354331590D+00
      0.1733075030D+02       0.5372214579D+00
      0.5083623800D+01       0.5018043829D+00
P    3   1.00
      0.4782229420D+01       0.1900927729D-01
      0.1462557920D+01       0.4360377329D+00
      0.4792229560D+00       0.6386709258D+00
P    2   1.00
      0.4396824240D+00       0.3081105070D-03
      0.5913040160D-01       0.9998964139D+00
P    1   1.00
      0.2389701170D-01       0.1000000000D+01
