Fe     0
S    3   1.00
      0.1447400411D+04       0.1543289673D+00
      0.2636457916D+03       0.5353281423D+00
      0.7135284019D+02       0.4446345422D+00
S    3   1.00
      0.1119194891D+03      -0.9996722919D-01
      0.2600768236D+02       0.3995128261D+00
      0.8458505490D+01       0.7001154689D+00
S    3   1.00
      0.8548569754D+01      -0.2277635023D+00
      0.2607586250D+01       0.2175436044D+00
      0.1006087840D+01       0.9166769611D+00
S    3   1.00
      0.5921156814D+00      -0.3088441214D+00
      0.2185279254D+00       0.1960641165D-01
      0.9650423590D-01       0.1131034442D+01
P    3   1.00
      0.1119194891D+03       0.1559162750D+00
      0.2600768236D+02       0.6076837186D+00
      0.8458505490D+01       0.3919573931D+00
P    3   1.00
      0.8548569754D+01       0.4951511155D-02
      0.2607586250D+01       0.5777664691D+00
      0.1006087840D+01       0.4846460366D+00
P    3   1.00
      0.5921156814D+00      -0.1215468600D+00
      0.2185279254D+00       0.5715227604D+00
      0.9650423590D-01       0.5498949471D+00
D    3   1.00
      0.6411803475D+01       0.2197679508D+00
      0.1955804428D+01       0.6555473627D+00
      0.7546101508D+00       0.2865732590D+00
