Sn     0
S    3   1.00
      0.5370466413D+04       0.1543289673D+00
      0.9782371611D+03       0.5353281423D+00
      0.2647491522D+03       0.4446345422D+00
S    3   1.00
      0.4720515322D+03      -0.9996722919D-01
      0.1096946243D+03       0.3995128261D+00
      0.3567609636D+02       0.7001154689D+00
S    3   1.00
      0.5915141188D+02      -0.2277635023D+00
      0.1804306600D+02       0.2175436044D+00
      0.6961575790D+01       0.9166769611D+00
S    3   1.00
      0.5583138529D+01      -0.3306100626D+00
      0.2174045204D+01       0.5761095338D-01
      0.9570200509D+00       0.1115578745D+01
S    3   1.00
      0.6235816420D+00      -0.3842642608D+00
      0.3357601616D+00      -0.1972567438D+00
      0.1483111678D+00       0.1375495512D+01
P    3   1.00
      0.4720515322D+03       0.1559162750D+00
      0.1096946243D+03       0.6076837186D+00
      0.3567609636D+02       0.3919573931D+00
P    3   1.00
      0.5915141188D+02       0.4951511155D-02
      0.1804306600D+02       0.5777664691D+00
      0.6961575790D+01       0.4846460366D+00
P    3   1.00
      0.5583138529D+01      -0.1283927634D+00
      0.2174045204D+01       0.5852047641D+00
      0.9570200509D+00       0.5439442040D+00
P    3   1.00
      0.6235816420D+00      -0.3481691526D+00
      0.3357601616D+00       0.6290323690D+00
      0.1483111678D+00       0.6662832743D+00
D    3   1.00
      0.5915141188D+02       0.2197679508D+00
      0.1804306600D+02       0.6555473627D+00
      0.6961575790D+01       0.2865732590D+00
D    3   1.00
      0.5583138529D+01       0.1250662138D+00
      0.2174045204D+01       0.6686785577D+00
      0.9570200509D+00       0.3052468245D+00
