Cr     0
S    3   1.00
      0.1232320450D+04       0.1543289673D+00
      0.2244687082D+03       0.5353281423D+00
      0.6074999251D+02       0.4446345422D+00
S    3   1.00
      0.9277462423D+02      -0.9996722919D-01
      0.2155882749D+02       0.3995128261D+00
      0.7011599810D+01       0.7001154689D+00
S    3   1.00
      0.6899488096D+01      -0.2277635023D+00
      0.2104563782D+01       0.2175436044D+00
      0.8120061343D+00       0.9166769611D+00
S    3   1.00
      0.7547780537D+00      -0.3088441214D+00
      0.2785605708D+00       0.1960641165D-01
      0.1230152851D+00       0.1131034442D+01
P    3   1.00
      0.9277462423D+02       0.1559162750D+00
      0.2155882749D+02       0.6076837186D+00
      0.7011599810D+01       0.3919573931D+00
P    3   1.00
      0.6899488096D+01       0.4951511155D-02
      0.2104563782D+01       0.5777664691D+00
      0.8120061343D+00       0.4846460366D+00
P    3   1.00
      0.7547780537D+00      -0.1215468600D+00
      0.2785605708D+00       0.5715227604D+00
      0.1230152851D+00       0.5498949471D+00
D    3   1.00
      0.4241479241D+01       0.2197679508D+00
      0.1293786360D+01       0.6555473627D+00
      0.4991829993D+00       0.2865732590D+00
