Nb     0
S    3   1.00
      0.3610742864D+04       0.1543289673D+00
      0.6577013201D+03       0.5353281423D+00
      0.1779996445D+03       0.4446345422D+00
S    3   1.00
      0.3100675728D+03      -0.9996722919D-01
      0.7205303569D+02       0.3995128261D+00
      0.2343388348D+02       0.7001154689D+00
S    3   1.00
      0.3301997858D+02      -0.2277635023D+00
      0.1007214594D+02       0.2175436044D+00
      0.3886147028D+01       0.9166769611D+00
S    3   1.00
      0.3144798430D+01      -0.3306100626D+00
      0.1224568208D+01       0.5761095338D-01
      0.5390579399D+00       0.1115578745D+01
S    3   1.00
      0.4869939919D+00      -0.3842642608D+00
      0.2622161565D+00      -0.1972567438D+00
      0.1158254875D+00       0.1375495512D+01
P    3   1.00
      0.3100675728D+03       0.1559162750D+00
      0.7205303569D+02       0.6076837186D+00
      0.2343388348D+02       0.3919573931D+00
P    3   1.00
      0.3301997858D+02       0.4951511155D-02
      0.1007214594D+02       0.5777664691D+00
      0.3886147028D+01       0.4846460366D+00
P    3   1.00
      0.3144798430D+01      -0.1283927634D+00
      0.1224568208D+01       0.5852047641D+00
      0.5390579399D+00       0.5439442040D+00
P    3   1.00
      0.4869939919D+00      -0.3481691526D+00
      0.2622161565D+00       0.6290323690D+00
      0.1158254875D+00       0.6662832743D+00
D    3   1.00
      0.3301997858D+02       0.2197679508D+00
      0.1007214594D+02       0.6555473627D+00
      0.3886147028D+01       0.2865732590D+00
D    3   1.00
      0.1344878866D+01       0.1250662138D+00
      0.5236888594D+00       0.6686785577D+00
      0.2305291251D+00       0.3052468245D+00
