Sr     0
S    3   1.00
      0.3100983951D+04       0.1543289673D+00
      0.5648480978D+03       0.5353281423D+00
      0.1528699389D+03       0.4446345422D+00
S    3   1.00
      0.2635019007D+03      -0.9996722919D-01
      0.6123217493D+02       0.3995128261D+00
      0.1991460372D+02       0.7001154689D+00
S    3   1.00
      0.2557886692D+02      -0.2277635023D+00
      0.7802369707D+01       0.2175436044D+00
      0.3010396794D+01       0.9166769611D+00
S    3   1.00
      0.2461032403D+01      -0.3088441214D+00
      0.9082757342D+00       0.1960641165D-01
      0.4011041407D+00       0.1131034442D+01
S    3   1.00
      0.4370804803D+00      -0.3842642608D+00
      0.2353408164D+00      -0.1972567438D+00
      0.1039541771D+00       0.1375495512D+01
P    3   1.00
      0.2635019007D+03       0.1559162750D+00
      0.6123217493D+02       0.6076837186D+00
      0.1991460372D+02       0.3919573931D+00
P    3   1.00
      0.2557886692D+02       0.4951511155D-02
      0.7802369707D+01       0.5777664691D+00
      0.3010396794D+01       0.4846460366D+00
P    3   1.00
      0.2461032403D+01      -0.1215468600D+00
      0.9082757342D+00       0.5715227604D+00
      0.4011041407D+00       0.5498949471D+00
P    3   1.00
      0.4370804803D+00      -0.3481691526D+00
      0.2353408164D+00       0.6290323690D+00
      0.1039541771D+00       0.6662832743D+00
D    3   1.00
      0.2557886692D+02       0.2197679508D+00
      0.7802369707D+01       0.6555473627D+00
      0.3010396794D+01       0.2865732590D+00
