Na     0
S    3   1.00
      0.2507724300D+03       0.1543289673D+00
      0.4567851117D+02       0.5353281423D+00
      0.1236238776D+02       0.4446345422D+00
S    3   1.00
      0.1204019274D+02      -0.9996722919D-01
      0.2797881859D+01       0.3995128261D+00
      0.9099580170D+00       0.7001154689D+00
S    3   1.00
      0.1478740622D+01      -0.2196203690D+00
      0.4125648801D+00       0.2255954336D+00
      0.1614750979D+00       0.9003984260D+00
P    3   1.00
      0.1204019274D+02       0.1559162750D+00
      0.2797881859D+01       0.6076837186D+00
      0.9099580170D+00       0.3919573931D+00
P    3   1.00
      0.1478740622D+01       0.1058760429D-01
      0.4125648801D+00       0.5951670053D+00
      0.1614750979D+00       0.4620010120D+00
