V     0
S    3   1.00
      0.1130762517D+04       0.1543289673D+00
      0.2059698041D+03       0.5353281423D+00
      0.5574346711D+02       0.4446345422D+00
S    3   1.00
      0.8378385011D+02      -0.9996722919D-01
      0.1946956493D+02       0.3995128261D+00
      0.6332106784D+01       0.7001154689D+00
S    3   1.00
      0.6141151276D+01      -0.2277635023D+00
      0.1873246881D+01       0.2175436044D+00
      0.7227568825D+00       0.9166769611D+00
S    3   1.00
      0.7122640246D+00      -0.3088441214D+00
      0.2628702203D+00       0.1960641165D-01
      0.1160862609D+00       0.1131034442D+01
P    3   1.00
      0.8378385011D+02       0.1559162750D+00
      0.1946956493D+02       0.6076837186D+00
      0.6332106784D+01       0.3919573931D+00
P    3   1.00
      0.6141151276D+01       0.4951511155D-02
      0.1873246881D+01       0.5777664691D+00
      0.7227568825D+00       0.4846460366D+00
P    3   1.00
      0.7122640246D+00      -0.1215468600D+00
      0.2628702203D+00       0.5715227604D+00
      0.1160862609D+00       0.5498949471D+00
D    3   1.00
      0.2964817927D+01       0.2197679508D+00
      0.9043639676D+00       0.6555473627D+00
      0.3489317337D+00       0.2865732590D+00
