Cd     0
S    3   1.00
      0.4950261905D+04       0.1543289673D+00
      0.9016963856D+03       0.5353281423D+00
      0.2440342313D+03       0.4446345422D+00
S    3   1.00
      0.4334469385D+03      -0.9996722919D-01
      0.1007237469D+03       0.3995128261D+00
      0.3275848861D+02       0.7001154689D+00
S    3   1.00
      0.5259279235D+02      -0.2277635023D+00
      0.1604247800D+02       0.2175436044D+00
      0.6189686744D+01       0.9166769611D+00
S    3   1.00
      0.5674851796D+01      -0.3306100626D+00
      0.2209757875D+01       0.5761095338D-01
      0.9727408566D+00       0.1115578745D+01
S    3   1.00
      0.5949150981D+00      -0.3842642608D+00
      0.3203250000D+00      -0.1972567438D+00
      0.1414931855D+00       0.1375495512D+01
P    3   1.00
      0.4334469385D+03       0.1559162750D+00
      0.1007237469D+03       0.6076837186D+00
      0.3275848861D+02       0.3919573931D+00
P    3   1.00
      0.5259279235D+02       0.4951511155D-02
      0.1604247800D+02       0.5777664691D+00
      0.6189686744D+01       0.4846460366D+00
P    3   1.00
      0.5674851796D+01      -0.1283927634D+00
      0.2209757875D+01       0.5852047641D+00
      0.9727408566D+00       0.5439442040D+00
P    3   1.00
      0.5949150981D+00      -0.3481691526D+00
      0.3203250000D+00       0.6290323690D+00
      0.1414931855D+00       0.6662832743D+00
D    3   1.00
      0.5259279235D+02       0.2197679508D+00
      0.1604247800D+02       0.6555473627D+00
      0.6189686744D+01       0.2865732590D+00
D    3   1.00
      0.3642963976D+01       0.1250662138D+00
      0.1418551290D+01       0.6686785577D+00
      0.6244497700D+00       0.3052468245D+00
