Ar     0
S    6   1.00
      0.2834830000D+05       0.1825260192D-02
      0.4257620000D+04       0.1396860147D-01
      0.9698570000D+03       0.6870730723D-01
      0.2732630000D+03       0.2362040249D+00
      0.8736950000D+02       0.4822140508D+00
      0.2968670000D+02       0.3420430360D+00
S    6   1.00
      0.5758910000D+03      -0.2159720895D-02
      0.1368160000D+03      -0.2907751206D-01
      0.4380980000D+02      -0.1108270460D+00
      0.1620940000D+02       0.2769991148D-01
      0.6460840000D+01       0.5776132395D+00
      0.2651140000D+01       0.4886882026D+00
S    3   1.00
      0.3860280000D+01      -0.2555929604D+00
      0.1413730000D+01       0.3780674206D-01
      0.5166460000D+00       0.1080564060D+01
S    1   1.00
      0.1738880000D+00       0.1000000000D+01
P    6   1.00
      0.5758910000D+03       0.3806649842D-02
      0.1368160000D+03       0.2923049879D-01
      0.4380980000D+02       0.1264669948D+00
      0.1620940000D+02       0.3235099866D+00
      0.6460840000D+01       0.4548959811D+00
      0.2651140000D+01       0.2566299894D+00
P    3   1.00
      0.3860280000D+01      -0.1591969040D-01
      0.1413730000D+01       0.3246458042D+00
      0.5166460000D+00       0.7439895512D+00
P    1   1.00
      0.1738880000D+00       0.1000000000D+01
