Cr     0
S    6   1.00
      0.5178981000D+05       0.1776181956D-02
      0.7776849000D+04       0.1360475966D-01
      0.1771385000D+04       0.6706924832D-01
      0.4991588000D+03       0.2323103942D+00
      0.1597982000D+03       0.4802409880D+00
      0.5447021000D+02       0.3487652913D+00
S    6   1.00
      0.1064328000D+04       0.2399669027D-02
      0.2532138000D+03       0.3194886035D-01
      0.8160924000D+02       0.1250868014D+00
      0.3048193000D+02      -0.3221866036D-01
      0.1229439000D+02      -0.6172284069D+00
      0.5037722000D+01      -0.4525936050D+00
S    6   1.00
      0.4156291000D+02      -0.3454215978D-02
      0.1367627000D+02       0.7218427953D-01
      0.5844390000D+01       0.2544819984D+00
      0.2471609000D+01      -0.2934533981D+00
      0.1028308000D+01      -0.7385454952D+00
      0.4072500000D+00      -0.1947156987D+00
S    3   1.00
      0.1571464000D+01       0.5892221460D-01
      0.6055800000D+00       0.2976056242D+00
      0.9856100000D-01      -0.1147506479D+01
S    1   1.00
      0.3645900000D-01       0.1000000000D+01
P    6   1.00
      0.1064328000D+04       0.3986996969D-02
      0.2532138000D+03       0.3104661976D-01
      0.8160924000D+02       0.1350517989D+00
      0.3048193000D+02       0.3448864973D+00
      0.1229439000D+02       0.4628570964D+00
      0.5037722000D+01       0.2110425984D+00
P    6   1.00
      0.4156291000D+02      -0.6722497017D-02
      0.1367627000D+02      -0.2806471007D-01
      0.5844390000D+01       0.5820028015D-01
      0.2471609000D+01       0.3916988010D+00
      0.1028308000D+01       0.5047823013D+00
      0.4072500000D+00       0.1790290005D+00
P    3   1.00
      0.1571464000D+01      -0.1930100080D+00
      0.6055800000D+00       0.9605620398D-01
      0.9856100000D-01       0.9817609407D+00
P    1   1.00
      0.3645900000D-01       0.1000000000D+01
D    3   1.00
      0.1841930000D+02       0.8650816335D-01
      0.4812661000D+01       0.3826699148D+00
      0.1446447000D+01       0.7093772274D+00
D    1   1.00
      0.4004130000D+00       1.0000000
