Ca     0
S    6   1.00
      0.3526486000D+05       0.1813501124D-02
      0.5295503000D+04       0.1388493095D-01
      0.1206020000D+04       0.6836162469D-01
      0.3396839000D+03       0.2356188162D+00
      0.1086264000D+03       0.4820639331D+00
      0.3692103000D+02       0.3429819235D+00
S    6   1.00
      0.7063096000D+03       0.2448225082D-02
      0.1678187000D+03       0.3241504109D-01
      0.5382558000D+02       0.1226219041D+00
      0.2001638000D+02      -0.4316965145D-01
      0.7970279000D+01      -0.6126995206D+00
      0.3212059000D+01      -0.4487540151D+00
S    6   1.00
      0.1419518000D+02       0.1084500055D-01
      0.4880828000D+01       0.2088333107D+00
      0.2160390000D+01       0.3150338161D-01
      0.9878990000D+00      -0.5526518282D+00
      0.4495170000D+00      -0.5437997277D+00
      0.1873870000D+00      -0.6669342340D-01
S    3   1.00
      0.1032271000D+01      -0.4439718086D-01
      0.3811710000D+00      -0.3284561584D+00
      0.6513100000D-01       0.1163009499D+01
S    1   1.00
      0.2601000000D-01       0.1000000000D+01
P    6   1.00
      0.7063096000D+03       0.4020370978D-02
      0.1678187000D+03       0.3100600983D-01
      0.5382558000D+02       0.1337278993D+00
      0.2001638000D+02       0.3367982982D+00
      0.7970279000D+01       0.4631280975D+00
      0.3212059000D+01       0.2257531988D+00
P    6   1.00
      0.1419518000D+02      -0.1289621138D-01
      0.4880828000D+01      -0.1025198110D-01
      0.2160390000D+01       0.1959781209D+00
      0.9878990000D+00       0.4357933466D+00
      0.4495170000D+00       0.3996452427D+00
      0.1873870000D+00       0.9713637038D-01
P    3   1.00
      0.1032271000D+01      -0.4298620974D+00
      0.3811710000D+00       0.6935828957D-02
      0.6513100000D-01       0.9705932940D+00
P    1   1.00
      0.2601000000D-01       0.1000000000D+01
D    3   1.00
      0.1011067000D+02       0.8747672000D-01
      0.2558769000D+01       0.3795635000D+00
      0.7434200000D+00       0.7180393000D+00
D    1   1.00
      0.2008780000D+00       1.0000000
