Co     0
S    6   1.00
      0.6614899000D+05       0.1759787106D-02
      0.9933077000D+04       0.1348162081D-01
      0.2262816000D+04       0.6649342399D-01
      0.6379154000D+03       0.2307939139D+00
      0.2044122000D+03       0.4792919288D+00
      0.6982538000D+02       0.3514097211D+00
S    6   1.00
      0.1378841000D+04       0.2376276103D-02
      0.3282694000D+03       0.3167450137D-01
      0.1060946000D+03       0.1262888054D+00
      0.3983275000D+02      -0.2584552112D-01
      0.1618622000D+02      -0.6183491267D+00
      0.6667788000D+01      -0.4567008197D+00
S    6   1.00
      0.5452355000D+02      -0.3993003860D-02
      0.1829783000D+02       0.7409662740D-01
      0.7867348000D+01       0.2541999911D+00
      0.3340534000D+01      -0.2921656898D+00
      0.1393756000D+01      -0.7318702744D+00
      0.5513260000D+00      -0.2040783929D+00
S    3   1.00
      0.2151947000D+01       0.5379840456D-01
      0.8110630000D+00       0.2759969695D+00
      0.1210170000D+00      -0.1129691466D+01
S    1   1.00
      0.4303700000D-01       0.1000000000D+01
P    6   1.00
      0.1378841000D+04       0.3971488140D-02
      0.3282694000D+03       0.3108174109D-01
      0.1060946000D+03       0.1357439048D+00
      0.3983275000D+02       0.3476827122D+00
      0.1618622000D+02       0.4626340163D+00
      0.6667788000D+01       0.2051632072D+00
P    6   1.00
      0.5452355000D+02      -0.7290771623D-02
      0.1829783000D+02      -0.2926026849D-01
      0.7867348000D+01       0.6564149661D-01
      0.3340534000D+01       0.4000651793D+00
      0.1393756000D+01       0.4950235744D+00
      0.5513260000D+00       0.1758239909D+00
P    3   1.00
      0.2151947000D+01      -0.2165495935D+00
      0.8110630000D+00       0.1240487963D+00
      0.1210170000D+00       0.9724063708D+00
P    1   1.00
      0.4303700000D-01       0.1000000000D+01
D    3   1.00
      0.2559306000D+02       0.9004748403D-01
      0.6800990000D+01       0.3931703176D+00
      0.2051647000D+01       0.6976844312D+00
D    1   1.00
      0.5556710000D+00       1.0000000
