Sc     0
S    6   1.00
      0.3908898000D+05       0.1803262955D-02
      0.5869792000D+04       0.1380768965D-01
      0.1336910000D+04       0.6800395829D-01
      0.3766031000D+03       0.2347098941D+00
      0.1204679000D+03       0.4815689879D+00
      0.4098032000D+02       0.3445651913D+00
S    6   1.00
      0.7862852000D+03       0.2451863032D-02
      0.1868870000D+03       0.3259579042D-01
      0.6000935000D+02       0.1238242016D+00
      0.2225883000D+02      -0.4359890057D-01
      0.8885149000D+01      -0.6177181080D+00
      0.3609211000D+01      -0.4432823058D+00
S    6   1.00
      0.2984355000D+02      -0.2586302031D-02
      0.9542383000D+01       0.7188424085D-01
      0.4056790000D+01       0.2503260030D+00
      0.1704703000D+01      -0.2991003035D+00
      0.7062340000D+00      -0.7446818088D+00
      0.2795360000D+00      -0.1799776021D+00
S    3   1.00
      0.1065609000D+01       0.6482978223D-01
      0.4259330000D+00       0.3253756112D+00
      0.7632000000D-01      -0.1170806040D+01
S    1   1.00
      0.2959400000D-01       0.1000000000D+01
P    6   1.00
      0.7862852000D+03       0.4039529691D-02
      0.1868870000D+03       0.3122569761D-01
      0.6000935000D+02       0.1349832897D+00
      0.2225883000D+02       0.3424792738D+00
      0.8885149000D+01       0.4623112646D+00
      0.3609211000D+01       0.2177523833D+00
P    6   1.00
      0.2984355000D+02      -0.6096652719D-02
      0.9542383000D+01      -0.2628884310D-01
      0.4056790000D+01       0.5091001601D-01
      0.1704703000D+01       0.3798097448D+00
      0.7062340000D+00       0.5170883610D+00
      0.2795360000D+00       0.1829772216D+00
P    3   1.00
      0.1065609000D+01      -0.2938439989D+00
      0.4259330000D+00       0.9235322967D-01
      0.7632000000D-01       0.9847929965D+00
P    1   1.00
      0.2959400000D-01       0.1000000000D+01
D    3   1.00
      0.1114701000D+02       0.8747672298D-01
      0.2821043000D+01       0.3795635129D+00
      0.8196200000D+00       0.7180393244D+00
D    1   1.00
      0.2214680000D+00       1.0000000
