Ni     0
S    6   1.00
      0.7139635000D+05       0.1753002902D-02
      0.1072084000D+05       0.1343121925D-01
      0.2442129000D+04       0.6627040631D-01
      0.6884265000D+03       0.2302507872D+00
      0.2206153000D+03       0.4790185733D+00
      0.7539373000D+02       0.3523443804D+00
S    6   1.00
      0.1492532000D+04       0.2370713841D-02
      0.3554013000D+03       0.3160565787D-01
      0.1149534000D+03       0.1266334915D+00
      0.4322043000D+02      -0.2417036837D-01
      0.1759710000D+02      -0.6187774584D+00
      0.7257765000D+01      -0.4576769692D+00
S    6   1.00
      0.5935261000D+02      -0.4162002046D-02
      0.2002181000D+02       0.7425111082D-01
      0.8614561000D+01       0.2541360028D+00
      0.3660531000D+01      -0.2903477032D+00
      0.1528111000D+01      -0.7302121080D+00
      0.6040570000D+00      -0.2076057023D+00
S    3   1.00
      0.2379276000D+01       0.5157890540D-01
      0.8858390000D+00       0.2707612333D+00
      0.1285290000D+00      -0.1124770554D+01
S    1   1.00
      0.4519500000D-01       0.1000000000D+01
P    6   1.00
      0.1492532000D+04       0.3967554145D-02
      0.3554013000D+03       0.3109479114D-01
      0.1149534000D+03       0.1359517050D+00
      0.4322043000D+02       0.3485136127D+00
      0.1759710000D+02       0.4625498169D+00
      0.7257765000D+01       0.2035186074D+00
P    6   1.00
      0.5935261000D+02      -0.7421451709D-02
      0.2002181000D+02      -0.2953409884D-01
      0.8614561000D+01       0.6731851736D-01
      0.3660531000D+01       0.4016659842D+00
      0.1528111000D+01       0.4926622807D+00
      0.6040570000D+00       0.1756892931D+00
P    3   1.00
      0.2379276000D+01      -0.1887663036D+00
      0.8858390000D+00       0.1015199019D+00
      0.1285290000D+00       0.9790906185D+00
P    1   1.00
      0.4519500000D-01       0.1000000000D+01
D    3   1.00
      0.2819147000D+02       0.9098880504D-01
      0.7523584000D+01       0.3958207784D+00
      0.2271228000D+01       0.6947153621D+00
D    1   1.00
      0.6116030000D+00       1.0000000
