Mg     0
S    6   1.00
      0.1172280000D+05       0.1977829317D-02
      0.1759930000D+04       0.1511399478D-01
      0.4008460000D+03       0.7391077448D-01
      0.1128070000D+03       0.2491909140D+00
      0.3599970000D+02       0.4879278316D+00
      0.1218280000D+02       0.3196618896D+00
S    6   1.00
      0.1891800000D+03      -0.3237170471D-02
      0.4521190000D+02      -0.4100790597D-01
      0.1435630000D+02      -0.1126000164D+00
      0.5138860000D+01       0.1486330216D+00
      0.1906520000D+01       0.6164970898D+00
      0.7058870000D+00       0.3648290531D+00
S    3   1.00
      0.9293400000D+00      -0.2122908985D+00
      0.2690350000D+00      -0.1079854570D+00
      0.1173790000D+00       0.1175844977D+01
S    1   1.00
      0.4210610000D-01       0.1000000000D+01
P    6   1.00
      0.1891800000D+03       0.4928129921D-02
      0.4521190000D+02       0.3498879944D-01
      0.1435630000D+02       0.1407249977D+00
      0.5138860000D+01       0.3336419947D+00
      0.1906520000D+01       0.4449399929D+00
      0.7058870000D+00       0.2692539957D+00
P    3   1.00
      0.9293400000D+00      -0.2241918123D-01
      0.2690350000D+00       0.1922708390D+00
      0.1173790000D+00       0.8461802916D+00
P    1   1.00
      0.4210610000D-01       0.1000000000D+01
