Li     0
S    6   1.00
      0.6424189150D+03       0.2142607810D-02
      0.9679851530D+02       0.1620887150D-01
      0.2209112120D+02       0.7731557250D-01
      0.6201070250D+01       0.2457860520D+00
      0.1935117680D+01       0.4701890040D+00
      0.6367357890D+00       0.3454708450D+00
S    3   1.00
      0.2324918408D+01      -0.3509174574D-01
      0.6324303556D+00      -0.1912328431D+00
      0.7905343475D-01       0.1083987795D+01
S    1   1.00
      0.3596197175D-01       0.1000000000D+01
P    3   1.00
      0.2324918408D+01       0.8941508043D-02
      0.6324303556D+00       0.1410094640D+00
      0.7905343475D-01       0.9453636953D+00
P    1   1.00
      0.3596197175D-01       0.1000000000D+01
