Br     0
S    6   1.00
      0.1137182000D+06       0.1717696000D-02
      0.1707444000D+05       0.1316744000D-01
      0.3889576000D+04       0.6504553000D-01
      0.1097096000D+04       0.2269505000D+00
      0.3520624000D+03       0.4768357000D+00
      0.1207002000D+03       0.3583677000D+00
S    6   1.00
      0.2471138000D+04       0.2243687000D-02
      0.5893838000D+03       0.2994853000D-01
      0.1918738000D+03       0.1256009000D+00
      0.7295339000D+02      -0.9832786000D-03
      0.3005839000D+02      -0.6013141000D+00
      0.1252927000D+02      -0.4913983000D+00
S    6   1.00
      0.1096411000D+03      -0.5975683000D-02
      0.3858948000D+02       0.5542122000D-01
      0.1637818000D+02       0.2681200000D+00
      0.7221836000D+01      -0.1543606000D+00
      0.3263697000D+01      -0.7206306000D+00
      0.1465499000D+01      -0.3316437000D+00
S    3   1.00
      0.2103651000D+01       0.3029029000D+00
      0.7547050000D+00      -0.2152659000D+00
      0.3005140000D+00      -0.9633941000D+00
S    1   1.00
      0.1090710000D+00       0.1000000000D+01
P    6   1.00
      0.2471138000D+04       0.3790182000D-02
      0.5893838000D+03       0.2995979000D-01
      0.1918738000D+03       0.1318228000D+00
      0.7295339000D+02       0.3432708000D+00
      0.3005839000D+02       0.4642345000D+00
      0.1252927000D+02       0.2079387000D+00
P    6   1.00
      0.1096411000D+03      -0.6907483000D-02
      0.3858948000D+02      -0.3041432000D-01
      0.1637818000D+02       0.4602725000D-01
      0.7221836000D+01       0.3650689000D+00
      0.3263697000D+01       0.4949232000D+00
      0.1465499000D+01       0.2090394000D+00
P    3   1.00
      0.2103651000D+01      -0.2826714000D-01
      0.7547050000D+00       0.3503065000D+00
      0.3005140000D+00       0.7182446000D+00
P    1   1.00
      0.1090710000D+00       0.1000000000D+01
D    3   1.00
      0.6225514000D+02       0.7704229000D-01
      0.1731284000D+02       0.3707384000D+00
      0.5607915000D+01       0.7097628000D+00
D    1   1.00
      0.1746486000D+01       1.0000000
