Cu     0
S    6   1.00
      0.7679438000D+05       0.1748161083D-02
      0.1153070000D+05       0.1339602064D-01
      0.2626575000D+04       0.6610885315D-01
      0.7404903000D+03       0.2298265110D+00
      0.2373528000D+03       0.4787675228D+00
      0.8115818000D+02       0.3530739168D+00
S    6   1.00
      0.1610814000D+04       0.2364054998D-02
      0.3836367000D+03       0.3153634997D-01
      0.1241733000D+03       0.1269451999D+00
      0.4674678000D+02      -0.2262839998D-01
      0.1906569000D+02      -0.6192079994D+00
      0.7871567000D+01      -0.4585392996D+00
S    6   1.00
      0.6445732000D+02      -0.4331075387D-02
      0.2185212000D+02       0.7412307662D-01
      0.9405343000D+01       0.2542108227D+00
      0.3999168000D+01      -0.2874843257D+00
      0.1670297000D+01      -0.7291436651D+00
      0.6596270000D+00      -0.2113951189D+00
S    3   1.00
      0.2600088000D+01       0.5027577003D-01
      0.9630940000D+00       0.2650040002D+00
      0.1361610000D+00      -0.1120155001D+01
S    1   1.00
      0.4733200000D-01       0.1000000000D+01
P    6   1.00
      0.1610814000D+04       0.3963306847D-02
      0.3836367000D+03       0.3110222880D-01
      0.1241733000D+03       0.1361349948D+00
      0.4674678000D+02       0.3492913866D+00
      0.1906569000D+02       0.4624779822D+00
      0.7871567000D+01       0.2020101922D+00
P    6   1.00
      0.6445732000D+02      -0.7523724515D-02
      0.2185212000D+02      -0.2975686808D-01
      0.9405343000D+01       0.6849653559D-01
      0.3999168000D+01       0.4027140741D+00
      0.1670297000D+01       0.4908489684D+00
      0.6596270000D+00       0.1759267887D+00
P    3   1.00
      0.2600088000D+01      -0.1702910950D+00
      0.9630940000D+00       0.9310132728D-01
      0.1361610000D+00       0.9814335714D+00
P    1   1.00
      0.4733200000D-01       0.1000000000D+01
D    3   1.00
      0.3085341000D+02       0.9199905385D-01
      0.8264985000D+01       0.3985021167D+00
      0.2495332000D+01       0.6917897289D+00
D    1   1.00
      0.6676580000D+00       1.0000000
