Na     0
S    6   1.00
      0.9993200000D+04       0.1937659277D-02
      0.1499890000D+04       0.1480699448D-01
      0.3419510000D+03       0.7270547288D-01
      0.9467960000D+02       0.2526289058D+00
      0.2973450000D+02       0.4932418160D+00
      0.1000630000D+02       0.3131688832D+00
S    6   1.00
      0.1509630000D+03      -0.3542083504D-02
      0.3558780000D+02      -0.4395884348D-01
      0.1116830000D+02      -0.1097521086D+00
      0.3902010000D+01       0.1873981854D+00
      0.1381770000D+01       0.6466996397D+00
      0.4663820000D+00       0.3060583027D+00
S    3   1.00
      0.4979660000D+00      -0.2485031593D+00
      0.8435290000D-01      -0.1317040844D+00
      0.6663500000D-01       0.1233520791D+01
S    1   1.00
      0.2595440000D-01       0.1000000000D+01
P    6   1.00
      0.1509630000D+03       0.5001659710D-02
      0.3558780000D+02       0.3551089794D-01
      0.1116830000D+02       0.1428249917D+00
      0.3902010000D+01       0.3386199803D+00
      0.1381770000D+01       0.4515789738D+00
      0.4663820000D+00       0.2732709841D+00
P    3   1.00
      0.4979660000D+00      -0.2302250043D-01
      0.8435290000D-01       0.9503590176D+00
      0.6663500000D-01       0.5985790111D-01
P    1   1.00
      0.2595440000D-01       0.1000000000D+01
