Cl     0
S    6   1.00
      0.2518010000D+05       0.1832959848D-02
      0.3780350000D+04       0.1403419883D-01
      0.8604740000D+03       0.6909739426D-01
      0.2421450000D+03       0.2374519803D+00
      0.7733490000D+02       0.4830339599D+00
      0.2624700000D+02       0.3398559718D+00
S    6   1.00
      0.4917650000D+03      -0.2297391417D-02
      0.1169840000D+03      -0.3071371894D-01
      0.3741530000D+02      -0.1125280694D+00
      0.1378340000D+02       0.4501632776D-01
      0.5452150000D+01       0.5893533634D+00
      0.2225880000D+01       0.4652062868D+00
S    3   1.00
      0.3186490000D+01      -0.2518280280D+00
      0.1144270000D+01       0.6158925141D-01
      0.4203770000D+00       0.1060184328D+01
S    1   1.00
      0.1426570000D+00       0.1000000000D+01
P    6   1.00
      0.4917650000D+03       0.3989400879D-02
      0.1169840000D+03       0.3031770668D-01
      0.3741530000D+02       0.1298800286D+00
      0.1378340000D+02       0.3279510723D+00
      0.5452150000D+01       0.4535271000D+00
      0.2225880000D+01       0.2521540556D+00
P    3   1.00
      0.3186490000D+01      -0.1429931472D-01
      0.1144270000D+01       0.3235723331D+00
      0.4203770000D+00       0.7435077653D+00
P    1   1.00
      0.1426570000D+00       0.1000000000D+01
