Ge     0
S    6   1.00
      0.9428132000D+05       0.1732993000D-02
      0.1415642000D+05       0.1328181000D-01
      0.3224935000D+04       0.6557319000D-01
      0.9094821000D+03       0.2283712000D+00
      0.2917149000D+03       0.4778104000D+00
      0.9989074000D+02       0.3557135000D+00
S    6   1.00
      0.2016629000D+04       0.2299186000D-02
      0.4806599000D+03       0.3068823000D-01
      0.1560616000D+03       0.1262906000D+00
      0.5907914000D+02      -0.1105405000D-01
      0.2422346000D+02      -0.6103659000D+00
      0.1004418000D+02      -0.4755387000D+00
S    6   1.00
      0.8728112000D+02      -0.5330845000D-02
      0.3028230000D+02       0.5874495000D-01
      0.1285367000D+02       0.2598349000D+00
      0.5587437000D+01      -0.1926917000D+00
      0.2438461000D+01      -0.7190570000D+00
      0.1040324000D+01      -0.2995181000D+00
S    3   1.00
      0.1344960000D+01       0.2338815000D+00
      0.4436620000D+00      -0.2189617000D+00
      0.1760820000D+00      -0.9242006000D+00
S    1   1.00
      0.6466500000D-01       0.1000000000D+01
P    6   1.00
      0.2016629000D+04       0.3872605000D-02
      0.4806599000D+03       0.3051218000D-01
      0.1560616000D+03       0.1338971000D+00
      0.5907914000D+02       0.3462496000D+00
      0.2422346000D+02       0.4635741000D+00
      0.1004418000D+02       0.2047879000D+00
P    6   1.00
      0.8728112000D+02      -0.6893957000D-02
      0.3028230000D+02      -0.2954252000D-01
      0.1285367000D+02       0.5042291000D-01
      0.5587437000D+01       0.3699366000D+00
      0.2438461000D+01       0.4933147000D+00
      0.1040324000D+01       0.2116445000D+00
P    3   1.00
      0.1344960000D+01      -0.1976804000D-01
      0.4436620000D+00       0.3028906000D+00
      0.1760820000D+00       0.7562828000D+00
P    1   1.00
      0.6466500000D-01       0.1000000000D+01
D    3   1.00
      0.4463105000D+02       0.8431036000D-01
      0.1220184000D+02       0.3847726000D+00
      0.3823423000D+01       0.7003323000D+00
D    1   1.00
      0.1108831000D+01       1.0000000
