V     0
S    6   1.00
      0.4735433000D+05       0.1784512997D-02
      0.7110787000D+04       0.1366753998D-01
      0.1619591000D+04       0.6736121989D-01
      0.4563379000D+03       0.2330551996D+00
      0.1460606000D+03       0.4806315992D+00
      0.4975791000D+02       0.3474801994D+00
S    6   1.00
      0.9681484000D+03       0.2410599011D-02
      0.2302821000D+03       0.3207243014D-01
      0.7414591000D+02       0.1245942006D+00
      0.2764107000D+02      -0.3482177015D-01
      0.1111475000D+02      -0.6167374027D+00
      0.4543113000D+01      -0.4509844020D+00
S    6   1.00
      0.3764050000D+02      -0.3233199384D-02
      0.1228238000D+02       0.7130744847D-01
      0.5233366000D+01       0.2543820302D+00
      0.2208950000D+01      -0.2933887348D+00
      0.9178800000D+00      -0.7415695881D+00
      0.3634120000D+00      -0.1909410227D+00
S    3   1.00
      0.1392781000D+01       0.6139702133D-01
      0.5439130000D+00       0.3061129568D+00
      0.9147600000D-01      -0.1154889837D+01
S    1   1.00
      0.3431200000D-01       0.1000000000D+01
P    6   1.00
      0.9681484000D+03       0.3995005174D-02
      0.2302821000D+03       0.3104061135D-01
      0.7414591000D+02       0.1347747059D+00
      0.2764107000D+02       0.3437279150D+00
      0.1111475000D+02       0.4628759202D+00
      0.4543113000D+01       0.2135547093D+00
P    6   1.00
      0.3764050000D+02      -0.6494056098D-02
      0.1228238000D+02      -0.2753453042D-01
      0.5233366000D+01       0.5516284083D-01
      0.2208950000D+01       0.3879672059D+00
      0.9178800000D+00       0.5090258077D+00
      0.3634120000D+00       0.1803840027D+00
P    3   1.00
      0.1392781000D+01      -0.1891264918D+00
      0.5439130000D+00       0.8005452654D-01
      0.9147600000D-01       0.9877398574D+00
P    1   1.00
      0.3431200000D-01       0.1000000000D+01
D    3   1.00
      0.1605025000D+02       0.8599899166D-01
      0.4160063000D+01       0.3802996074D+00
      0.1243265000D+01       0.7127659138D+00
D    1   1.00
      0.3442770000D+00       1.0000000
