S     0
S    6   1.00
      0.2191710000D+05       0.1869240849D-02
      0.3301490000D+04       0.1423030646D-01
      0.7541460000D+03       0.6969623166D-01
      0.2127110000D+03       0.2384871083D+00
      0.6798960000D+02       0.4833072195D+00
      0.2305150000D+02       0.3380741536D+00
S    6   1.00
      0.4237350000D+03      -0.2376770499D-02
      0.1007100000D+03      -0.3169300665D-01
      0.3215990000D+02      -0.1133170238D+00
      0.1180790000D+02       0.5609001177D-01
      0.4631100000D+01       0.5922551243D+00
      0.1870250000D+01       0.4550060955D+00
S    3   1.00
      0.2615840000D+01      -0.2503731142D+00
      0.9221670000D+00       0.6695676310D-01
      0.3412870000D+00       0.1054506269D+01
S    1   1.00
      0.1171670000D+00       0.1000000000D+01
P    6   1.00
      0.4237350000D+03       0.4061009982D-02
      0.1007100000D+03       0.3068129986D-01
      0.3215990000D+02       0.1304519994D+00
      0.1180790000D+02       0.3272049985D+00
      0.4631100000D+01       0.4528509980D+00
      0.1870250000D+01       0.2560419989D+00
P    3   1.00
      0.2615840000D+01      -0.1451048955D-01
      0.9221670000D+00       0.3102627765D+00
      0.3412870000D+00       0.7544824565D+00
P    1   1.00
      0.1171670000D+00       0.1000000000D+01
