Ga     0
S    6   1.00
      0.8828461000D+05       0.1736921000D-02
      0.1325606000D+05       0.1331136000D-01
      0.3019649000D+04       0.6571709000D-01
      0.8514222000D+03       0.2287932000D+00
      0.2729997000D+03       0.4781507000D+00
      0.9342593000D+02       0.3549154000D+00
S    6   1.00
      0.1877680000D+04       0.2316733000D-02
      0.4474374000D+03       0.3090570000D-01
      0.1451401000D+03       0.1264173000D+00
      0.5484977000D+02      -0.1429714000D-01
      0.2244351000D+02      -0.6132855000D+00
      0.9286622000D+01      -0.4703598000D+00
S    6   1.00
      0.8005681000D+02      -0.5056378000D-02
      0.2757856000D+02       0.6117037000D-01
      0.1171717000D+02       0.2575692000D+00
      0.5054113000D+01      -0.2150754000D+00
      0.2172525000D+01      -0.7213703000D+00
      0.9041840000D+00      -0.2785244000D+00
S    3   1.00
      0.1112438000D+01       0.1970334000D+00
      0.3287220000D+00      -0.2497645000D+00
      0.1305520000D+00      -0.8749447000D+00
S    1   1.00
      0.4758900000D-01       0.1000000000D+01
P    6   1.00
      0.1877680000D+04       0.3896102000D-02
      0.4474374000D+03       0.3066136000D-01
      0.1451401000D+03       0.1344509000D+00
      0.5484977000D+02       0.3470761000D+00
      0.2244351000D+02       0.4635435000D+00
      0.9286622000D+01       0.2039435000D+00
P    6   1.00
      0.8005681000D+02      -0.6947816000D-02
      0.2757856000D+02      -0.2938902000D-01
      0.1171717000D+02       0.5377307000D-01
      0.5054113000D+01       0.3764511000D+00
      0.2172525000D+01       0.4923913000D+00
      0.9041840000D+00       0.2073613000D+00
P    3   1.00
      0.1112438000D+01      -0.9151867000D-02
      0.3287220000D+00       0.3111786000D+00
      0.1305520000D+00       0.7436549000D+00
P    1   1.00
      0.4758900000D-01       0.1000000000D+01
D    3   1.00
      0.3911406000D+02       0.8790043000D-01
      0.1061218000D+02       0.3915600000D+00
      0.3273033000D+01       0.6956990000D+00
D    1   1.00
      0.9156600000D+00       1.0000000
