P     0
S    6   1.00
      0.1941330000D+05       0.1851598923D-02
      0.2909420000D+04       0.1420619174D-01
      0.6613640000D+03       0.6999945928D-01
      0.1857590000D+03       0.2400788603D+00
      0.5919430000D+02       0.4847617180D+00
      0.2003100000D+02       0.3351998050D+00
S    6   1.00
      0.3394780000D+03      -0.2782170105D-02
      0.8101010000D+02      -0.3604990135D-01
      0.2587800000D+02      -0.1166310044D+00
      0.9452210000D+01       0.9683280364D-01
      0.3665660000D+01       0.6144180231D+00
      0.1467460000D+01       0.4037980152D+00
S    3   1.00
      0.2156230000D+01      -0.2529241139D+00
      0.7489970000D+00       0.3285184468D-01
      0.2831450000D+00       0.1081254762D+01
S    1   1.00
      0.9983170000D-01       0.1000000000D+01
P    6   1.00
      0.3394780000D+03       0.4564616191D-02
      0.8101010000D+02       0.3369357188D-01
      0.2587800000D+02       0.1397548834D+00
      0.9452210000D+01       0.3393617168D+00
      0.3665660000D+01       0.4509206237D+00
      0.1467460000D+01       0.2385858009D+00
P    3   1.00
      0.2156230000D+01      -0.1776531273D-01
      0.7489970000D+00       0.2740581964D+00
      0.2831450000D+00       0.7854215630D+00
P    1   1.00
      0.9983170000D-01       0.1000000000D+01
