Ti     0
S    6   1.00
      0.4315295000D+05       0.1791871976D-02
      0.6479571000D+04       0.1372391982D-01
      0.1475675000D+04       0.6762829911D-01
      0.4156991000D+03       0.2337641969D+00
      0.1330006000D+03       0.4810695937D+00
      0.4527222000D+02       0.3462279954D+00
S    6   1.00
      0.8746826000D+03       0.2431008053D-02
      0.2079785000D+03       0.3233027071D-01
      0.6687918000D+02       0.1242520027D+00
      0.2487347000D+02      -0.3903905085D-01
      0.9968441000D+01      -0.6171789135D+00
      0.4063826000D+01      -0.4473097098D+00
S    6   1.00
      0.3364363000D+02      -0.2940357957D-02
      0.1087565000D+02       0.7163102894D-01
      0.4628225000D+01       0.2528914963D+00
      0.1950126000D+01      -0.2966400956D+00
      0.8094520000D+00      -0.7432214890D+00
      0.3204740000D+00      -0.1853519973D+00
S    3   1.00
      0.1224148000D+01       0.6351460717D-01
      0.4842630000D+00       0.3151401875D+00
      0.8409600000D-01      -0.1162594216D+01
S    1   1.00
      0.3203600000D-01       0.1000000000D+01
P    6   1.00
      0.8746826000D+03       0.4017679296D-02
      0.2079785000D+03       0.3113966230D-01
      0.6687918000D+02       0.1349077100D+00
      0.2487347000D+02       0.3431672253D+00
      0.9968441000D+01       0.4625760341D+00
      0.4063826000D+01       0.2154603159D+00
P    6   1.00
      0.3364363000D+02      -0.6311620001D-02
      0.1087565000D+02      -0.2697638000D-01
      0.4628225000D+01       0.5316847001D-01
      0.1950126000D+01       0.3845549000D+00
      0.8094520000D+00       0.5127662001D+00
      0.3204740000D+00       0.1811135000D+00
P    3   1.00
      0.1224148000D+01      -0.2112070099D+00
      0.4842630000D+00       0.7771998364D-01
      0.8409600000D-01       0.9898214464D+00
P    1   1.00
      0.3203600000D-01       0.1000000000D+01
D    3   1.00
      0.1369085000D+02       0.8589417880D-01
      0.3513154000D+01       0.3784670947D+00
      0.1040434000D+01       0.7161238900D+00
D    1   1.00
      0.2869620000D+00       1.0000000
