Be     0
S    6   1.00
      0.1264585690D+04       0.1944757590D-02
      0.1899368060D+03       0.1483505200D-01
      0.4315908900D+02       0.7209054629D-01
      0.1209866270D+02       0.2371541500D+00
      0.3806323220D+01       0.4691986519D+00
      0.1272890300D+01       0.3565202279D+00
S    3   1.00
      0.3196463098D+01      -0.1126487285D+00
      0.7478133038D+00      -0.2295064079D+00
      0.2199663302D+00       0.1186916764D+01
S    1   1.00
      0.8230990070D-01       0.1000000000D+01
P    3   1.00
      0.3196463098D+01       0.5598019980D-01
      0.7478133038D+00       0.2615506110D+00
      0.2199663302D+00       0.7939723389D+00
P    1   1.00
      0.8230990070D-01       0.1000000000D+01
