Al     0
S    6   1.00
      0.1398310000D+05       0.1942669947D-02
      0.2098750000D+04       0.1485989959D-01
      0.4777050000D+03       0.7284939800D-01
      0.1343600000D+03       0.2468299932D+00
      0.4287090000D+02       0.4872579866D+00
      0.1451890000D+02       0.3234959911D+00
S    6   1.00
      0.2396680000D+03      -0.2926190028D-02
      0.5744190000D+02      -0.3740830036D-01
      0.1828590000D+02      -0.1144870011D+00
      0.6599140000D+01       0.1156350011D+00
      0.2490490000D+01       0.6125950058D+00
      0.9445450000D+00       0.3937990037D+00
S    3   1.00
      0.1277900000D+01      -0.2276069245D+00
      0.3975900000D+00       0.1445835873D-02
      0.1600950000D+00       0.1092794439D+01
S    1   1.00
      0.5565770000D-01       0.1000000000D+01
P    6   1.00
      0.2396680000D+03       0.4602845582D-02
      0.5744190000D+02       0.3319896813D-01
      0.1828590000D+02       0.1362818692D+00
      0.6599140000D+01       0.3304756828D+00
      0.2490490000D+01       0.4491455689D+00
      0.9445450000D+00       0.2657037450D+00
P    3   1.00
      0.1277900000D+01      -0.1751260189D-01
      0.3975900000D+00       0.2445330264D+00
      0.1600950000D+00       0.8049340867D+00
P    1   1.00
      0.5565770000D-01       0.1000000000D+01
