Zn     0
S    6   1.00
      0.8240094000D+05       0.1743328988D-02
      0.1237255000D+05       0.1335965991D-01
      0.2818351000D+04       0.6594364956D-01
      0.7945717000D+03       0.2294150985D+00
      0.2547232000D+03       0.4785452968D+00
      0.8713880000D+02       0.3537752977D+00
S    6   1.00
      0.1732569000D+04       0.2361459089D-02
      0.4127149000D+03       0.3150177119D-01
      0.1336780000D+03       0.1272774048D+00
      0.5038585000D+02      -0.2145928081D-01
      0.2058358000D+02      -0.6197652235D+00
      0.8505940000D+01      -0.4590180174D+00
S    6   1.00
      0.6936492000D+02      -0.4440098182D-02
      0.2362082000D+02       0.7505253308D-01
      0.1018471000D+02       0.2533111104D+00
      0.4334082000D+01      -0.2881897118D+00
      0.1810918000D+01      -0.7267052298D+00
      0.7148410000D+00      -0.2133439088D+00
S    3   1.00
      0.2823842000D+01       0.4898545031D-01
      0.1039543000D+01       0.2592794075D+00
      0.1432640000D+00      -0.1115711463D+01
S    1   1.00
      0.4929600000D-01       0.1000000000D+01
P    6   1.00
      0.1732569000D+04       0.3963125053D-02
      0.4127149000D+03       0.3113411042D-01
      0.1336780000D+03       0.1363931018D+00
      0.5038585000D+02       0.3501266047D+00
      0.2058358000D+02       0.4623179062D+00
      0.8505940000D+01       0.2004995027D+00
P    6   1.00
      0.6936492000D+02      -0.7689261805D-02
      0.2362082000D+02      -0.2997981924D-01
      0.1018471000D+02       0.7082410821D-01
      0.4334082000D+01       0.4046140897D+00
      0.1810918000D+01       0.4882324876D+00
      0.7148410000D+00       0.1751969956D+00
P    3   1.00
      0.2823842000D+01      -0.1586762981D+00
      0.1039543000D+01       0.8379326898D-01
      0.1432640000D+00       0.9840546881D+00
P    1   1.00
      0.4929600000D-01       0.1000000000D+01
D    3   1.00
      0.3370764000D+02       0.9262647815D-01
      0.9061106000D+01       0.4002979920D+00
      0.2738383000D+01       0.6896607863D+00
D    1   1.00
      0.7302940000D+00       1.0000000
