As     0
S    6   1.00
      0.1005955000D+06       0.1726750000D-02
      0.1510482000D+05       0.1323462000D-01
      0.3440884000D+04       0.6535848000D-01
      0.9703961000D+03       0.2278042000D+00
      0.3112852000D+03       0.4774525000D+00
      0.1066284000D+03       0.3567619000D+00
S    6   1.00
      0.2166679000D+04       0.2271761000D-02
      0.5165414000D+03       0.3033475000D-01
      0.1678674000D+03       0.1259057000D+00
      0.6364638000D+02      -0.6687172000D-02
      0.2613673000D+02      -0.6065306000D+00
      0.1085439000D+02      -0.4823144000D+00
S    6   1.00
      0.9506989000D+02      -0.5587423000D-02
      0.3318087000D+02       0.5632506000D-01
      0.1406773000D+02       0.2625835000D+00
      0.6153288000D+01      -0.1718349000D+00
      0.2721712000D+01      -0.7175645000D+00
      0.1185334000D+01      -0.3184598000D+00
S    3   1.00
      0.1615315000D+01       0.2645372000D+00
      0.5513300000D+00      -0.1952737000D+00
      0.2227620000D+00      -0.9595400000D+00
S    1   1.00
      0.8292300000D-01       0.1000000000D+01
P    6   1.00
      0.2166679000D+04       0.3832156000D-02
      0.5165414000D+03       0.3023558000D-01
      0.1678674000D+03       0.1328632000D+00
      0.6364638000D+02       0.3447648000D+00
      0.2613673000D+02       0.4640368000D+00
      0.1085439000D+02       0.2064824000D+00
P    6   1.00
      0.9506989000D+02      -0.6816583000D-02
      0.3318087000D+02      -0.2970303000D-01
      0.1406773000D+02       0.4704335000D-01
      0.6153288000D+01       0.3645042000D+00
      0.2721712000D+01       0.4945157000D+00
      0.1185334000D+01       0.2149830000D+00
P    3   1.00
      0.1615315000D+01      -0.2574061000D-01
      0.5513300000D+00       0.3072764000D+00
      0.2227620000D+00       0.7537368000D+00
P    1   1.00
      0.8292300000D-01       0.1000000000D+01
D    3   1.00
      0.5030227000D+02       0.8144711000D-01
      0.1384166000D+02       0.3792908000D+00
      0.4393458000D+01       0.7040401000D+00
D    1   1.00
      0.1310755000D+01       1.0000000
