K     0
S    6   1.00
      0.3159442000D+05       0.1828009922D-02
      0.4744330000D+04       0.1399402940D-01
      0.1080419000D+04       0.6887128707D-01
      0.3042338000D+03       0.2369759899D+00
      0.9724586000D+02       0.4829039794D+00
      0.3302495000D+02       0.3404794855D+00
S    6   1.00
      0.6227625000D+03      -0.2502975932D-02
      0.1478839000D+03      -0.3315549910D-01
      0.4732735000D+02      -0.1226386967D+00
      0.1751495000D+02       0.5353642855D-01
      0.6922722000D+01       0.6193859832D+00
      0.2768277000D+01       0.4345877882D+00
S    6   1.00
      0.1184802000D+02       0.1277689027D-01
      0.4079211000D+01       0.2098767044D+00
      0.1763481000D+01      -0.3095274065D-02
      0.7889270000D+00      -0.5593884117D+00
      0.3503870000D+00      -0.5134760107D+00
      0.1463440000D+00      -0.6598035138D-01
S    3   1.00
      0.7168010000D+00      -0.5237766157D-01
      0.2337410000D+00      -0.2798499878D+00
      0.3867500000D-01       0.1141545727D+01
S    1   1.00
      0.1652100000D-01       0.1000000000D+01
P    6   1.00
      0.6227625000D+03       0.4094636754D-02
      0.1478839000D+03       0.3145198811D-01
      0.4732735000D+02       0.1351557919D+00
      0.1751495000D+02       0.3390499796D+00
      0.6922722000D+01       0.4629454722D+00
      0.2768277000D+01       0.2242637865D+00
P    6   1.00
      0.1184802000D+02      -0.1221377161D-01
      0.4079211000D+01      -0.6900537911D-02
      0.1763481000D+01       0.2007466265D+00
      0.7889270000D+00       0.4281332565D+00
      0.3503870000D+00       0.3970156524D+00
      0.1463440000D+00       0.1104718146D+00
P    3   1.00
      0.7168010000D+00       0.3164300053D-01
      0.2337410000D+00      -0.4046160068D-01
      0.3867500000D-01       0.1012029017D+01
P    1   1.00
      0.1652100000D-01       0.1000000000D+01
D    3   1.00
      0.9029078000D+01       0.8747672000D-01
      0.2285045000D+01       0.3795635000D+00
      0.6638920000D+00       0.7180393000D+00
D    1   1.00
      0.1793890000D+00       1.0000000
