Si     0
S    6   1.00
      0.1611590000D+05       0.1959480216D-02
      0.2425580000D+04       0.1492880164D-01
      0.5538670000D+03       0.7284780801D-01
      0.1563400000D+03       0.2461300271D+00
      0.5006830000D+02       0.4859140535D+00
      0.1701780000D+02       0.3250020358D+00
S    6   1.00
      0.2927180000D+03      -0.2780941415D-02
      0.6987310000D+02      -0.3571461817D-01
      0.2233630000D+02      -0.1149850585D+00
      0.8150390000D+01       0.9356344760D-01
      0.3134580000D+01       0.6030173068D+00
      0.1225430000D+01       0.4189592131D+00
S    3   1.00
      0.1727380000D+01      -0.2446310042D+00
      0.5729220000D+00       0.4315737717D-02
      0.2221920000D+00       0.1098184508D+01
S    1   1.00
      0.7783690000D-01       0.1000000000D+01
P    6   1.00
      0.2927180000D+03       0.4438264521D-02
      0.6987310000D+02       0.3266793328D-01
      0.2233630000D+02       0.1347211372D+00
      0.8150390000D+01       0.3286783348D+00
      0.3134580000D+01       0.4496404580D+00
      0.1225430000D+01       0.2613722662D+00
P    3   1.00
      0.1727380000D+01      -0.1779510605D-01
      0.5729220000D+00       0.2535390863D+00
      0.2221920000D+00       0.8006692724D+00
P    1   1.00
      0.7783690000D-01       0.1000000000D+01
