F     0
S    6   1.00
      0.7001713090D+04       0.1819616901D-02
      0.1051366090D+04       0.1391607961D-01
      0.2392856900D+03       0.6840532453D-01
      0.6739744530D+02       0.2331857601D+00
      0.2151995730D+02       0.4712674392D+00
      0.7403101300D+01       0.3566185462D+00
S    3   1.00
      0.2084795280D+02      -0.1085069751D+00
      0.4808308340D+01      -0.1464516581D+00
      0.1344069860D+01       0.1128688581D+01
S    1   1.00
      0.3581513930D+00       0.1000000000D+01
P    3   1.00
      0.2084795280D+02       0.7162872424D-01
      0.4808308340D+01       0.3459121027D+00
      0.1344069860D+01       0.7224699564D+00
P    1   1.00
      0.3581513930D+00       0.1000000000D+01
