Se     0
S    6   1.00
      0.1070273000D+06       0.1722646000D-02
      0.1607076000D+05       0.1320324000D-01
      0.3661226000D+04       0.6520494000D-01
      0.1032673000D+04       0.2273787000D+00
      0.3313339000D+03       0.4771451000D+00
      0.1135470000D+03       0.3575553000D+00
S    6   1.00
      0.2313540000D+04       0.2261924000D-02
      0.5516849000D+03       0.3019493000D-01
      0.1794401000D+03       0.1258828000D+00
      0.6813044000D+02      -0.4373809000D-02
      0.2803062000D+02      -0.6043277000D+00
      0.1166572000D+02      -0.4861200000D+00
S    6   1.00
      0.1015754000D+03      -0.5752618000D-02
      0.3561545000D+02       0.5675608000D-01
      0.1513135000D+02       0.2651243000D+00
      0.6646923000D+01      -0.1670582000D+00
      0.2972805000D+01      -0.7188737000D+00
      0.1316707000D+01      -0.3221907000D+00
S    3   1.00
      0.1846991000D+01       0.2823156000D+00
      0.6471590000D+00      -0.2129616000D+00
      0.2579870000D+00      -0.9545384000D+00
S    1   1.00
      0.9410700000D-01       0.1000000000D+01
P    6   1.00
      0.2313540000D+04       0.3818409000D-02
      0.5516849000D+03       0.3015145000D-01
      0.1794401000D+03       0.1325614000D+00
      0.6813044000D+02       0.3443419000D+00
      0.2803062000D+02       0.4639237000D+00
      0.1166572000D+02       0.2068198000D+00
P    6   1.00
      0.1015754000D+03      -0.6942389000D-02
      0.3561545000D+02      -0.3014441000D-01
      0.1513135000D+02       0.4776411000D-01
      0.6646923000D+01       0.3663827000D+00
      0.2972805000D+01       0.4940086000D+00
      0.1316707000D+01       0.2100109000D+00
P    3   1.00
      0.1846991000D+01      -0.2653920000D-01
      0.6471590000D+00       0.3357291000D+00
      0.2579870000D+00       0.7301815000D+00
P    1   1.00
      0.9410700000D-01       0.1000000000D+01
D    3   1.00
      0.5618544000D+02       0.7904963000D-01
      0.1554808000D+02       0.3746449000D+00
      0.4989394000D+01       0.7071645000D+00
D    1   1.00
      0.1523844000D+01       1.0000000
