Mn     0
S    6   1.00
      0.5634714000D+05       0.1771579986D-02
      0.8460943000D+04       0.1357080989D-01
      0.1927325000D+04       0.6690604948D-01
      0.5432343000D+03       0.2318540982D+00
      0.1739905000D+03       0.4799045963D+00
      0.5936005000D+02       0.3495736973D+00
S    6   1.00
      0.1165412000D+04       0.2388751027D-02
      0.2773276000D+03       0.3181708036D-01
      0.8947278000D+02       0.1254670014D+00
      0.3348256000D+02      -0.2955431033D-01
      0.1354037000D+02      -0.6175160070D+00
      0.5557972000D+01      -0.4544458051D+00
S    6   1.00
      0.4583532000D+02      -0.3665856137D-02
      0.1518777000D+02       0.7231971269D-01
      0.6500710000D+01       0.2544486095D+00
      0.2751583000D+01      -0.2910380108D+00
      0.1145404000D+01      -0.7359860274D+00
      0.4536870000D+00      -0.1997617074D+00
S    3   1.00
      0.1757999000D+01       0.5628573186D-01
      0.6670220000D+00       0.2897491610D+00
      0.1051290000D+00      -0.1140653240D+01
S    1   1.00
      0.3841800000D-01       0.1000000000D+01
P    6   1.00
      0.1165412000D+04       0.3977317926D-02
      0.2773276000D+03       0.3103111942D-01
      0.8947278000D+02       0.1351893975D+00
      0.3348256000D+02       0.3457386935D+00
      0.1354037000D+02       0.4629204913D+00
      0.5557972000D+01       0.2090591961D+00
P    6   1.00
      0.4583532000D+02      -0.6887577902D-02
      0.1518777000D+02      -0.2846815959D-01
      0.6500710000D+01       0.6031831914D-01
      0.2751583000D+01       0.3938960944D+00
      0.1145404000D+01       0.5013768928D+00
      0.4536870000D+00       0.1792263974D+00
P    3   1.00
      0.1757999000D+01      -0.5035023825D+00
      0.6670220000D+00       0.2345010919D+00
      0.1051290000D+00       0.9141256682D+00
P    1   1.00
      0.3841800000D-01       0.1000000000D+01
D    3   1.00
      0.2094355000D+02       0.8672702314D-01
      0.5510486000D+01       0.3841883139D+00
      0.1665038000D+01       0.7069071256D+00
D    1   1.00
      0.4617330000D+00       1.0000000
